151184.61,151184.61,0.00,0.66000,157664.36
168458.88,168458.88,0.00,9.49400,43197.55
281853.28,281853.28,0.00,1.48200,293933.47
128734.11,128734.11,0.00,49.71100,7700.86
162157.84,162157.84,0.00,1.23200,169107.90
160523.45,160523.45,0.00,19.91100,20122.56
196655.39,196655.39,0.00,4.09900,101979.95
0.00,0.00,0.00,73.22500,0.00
164427.87,164427.87,0.00,0.30300,171475.23
198467.92,198467.92,0.00,4.02900,102919.88
287040.62,287040.62,0.00,0.70200,299343.14
160251.76,160251.76,0.00,19.96600,20088.50
