0x400000
23	1	0	0	
24	2	0	0	0	
25	1	0	0	
26	2	0	0	0	
27	1	0	0	
28	1	0	0	
29	1	0	0	
30	1	0	0	
31	1	0	0	
32	1	0	0	
33	1	0	0	
34	1	0	0	
35	1	0	0	
37	1	0	0	
38	1	0	0	
40	1	0	0	
41	1	0	0	
42	1	0	0	
43	1	0	0	
44	1	0	0	
45	1	0	0	
46	1	0	0	
47	1	0	0	
48	1	0	0	
49	1	0	0	
50	1	0	0	
51	1	0	0	
52	2	0	0	0	
53	1	0	0	
54	1	0	0	
55	1	0	0	
56	1	0	0	
57	1	0	0	
58	1	0	0	
59	1	0	0	
60	1	0	0	
61	1	0	0	
62	1	0	0	
63	1	0	0	

0x401000
0	1	0	0	
1	1	0	0	
3	1	0	0	
4	1	0	0	
5	1	0	0	
6	1	0	0	
7	1	0	0	
8	1	0	0	
9	1	0	0	
10	1	0	0	
11	1	0	0	
12	1	0	0	
13	1	0	0	
14	1	0	0	
15	1	0	0	
16	1	0	0	
17	1	0	0	
18	1	0	0	
19	1	0	0	
20	1	0	0	
21	1	0	0	
22	1	0	0	
23	1	0	0	
24	1	0	0	
25	1	0	0	
26	1	0	0	
27	1	0	0	
28	1	0	0	
29	1	0	0	
30	1	0	0	
31	1	0	0	
32	1	0	0	
33	2	0	0	0	
34	1	0	0	
35	1	0	0	
36	1	0	0	
37	1	0	0	
38	1	0	0	
39	1	0	0	
40	1	0	0	
41	2	0	0	0	
43	1	0	0	
44	2	0	0	0	
45	1	0	0	
46	2	0	0	0	
47	2	0	0	0	
48	2	0	0	0	
49	1	0	0	
50	1	0	0	
51	2	0	0	0	
52	1	0	0	
53	1	0	0	
54	1	0	0	
55	1	0	0	
56	1	0	0	
57	1	0	0	
58	1	0	0	
59	1	0	0	
60	1	0	0	
61	1	0	0	
62	1	0	0	
63	1	0	0	

0x402000
0	1	0	0	
1	1	0	0	
2	1	0	0	
3	1	0	0	
4	1	0	0	
5	1	0	0	
6	1	0	0	
7	1	0	0	
8	1	0	0	
9	1	0	0	
10	1	0	0	
11	1	0	0	
12	1	0	0	
13	1	0	0	
14	1	0	0	
15	1	0	0	
16	1	0	0	
17	1	0	0	
18	1	0	0	
19	1	0	0	
20	1	0	0	
21	2	0	0	0	
22	1	0	0	
23	1	0	0	
24	1	0	0	
25	2	0	0	0	
26	1	0	0	
27	1	0	0	
28	1	0	0	
29	1	0	0	
30	1	0	0	
31	1	0	0	

0x473000
23	10	0	0	0	0	0	0	0	0	0	0	0	
24	8	0	0	0	0	0	0	0	0	0	
25	7	0	0	0	0	0	0	0	0	
27	11	0	0	0	0	0	0	0	0	0	0	0	0	
28	5	0	0	0	0	0	0	
29	11	0	0	0	0	0	0	0	0	0	0	0	0	
30	1	0	0	
31	1	0	0	
33	12	0	0	0	0	0	0	0	0	0	0	0	0	0	
34	1	0	0	
35	1	0	0	
37	11	0	0	0	0	0	0	0	0	0	0	0	0	
38	9	0	0	0	0	0	0	0	0	0	0	
40	1	0	0	
41	1	0	0	
42	1	0	0	
43	1	0	0	
44	1	0	0	
45	1	0	0	
46	1	0	0	
47	1	0	0	
54	1	0	0	
55	1	0	0	

0x474000
1	8	0	0	0	0	0	0	0	0	0	
3	11	0	0	0	0	0	0	0	0	0	0	0	0	

0x682000
53	1	0	0	
54	1	0	0	
58	1	0	0	
60	1	0	0	
61	1	0	0	

0x683000
0	1	0	0	
1	1	0	0	
2	1	0	0	
3	1	0	0	
4	1	0	0	
5	1	0	0	
6	1	0	0	
7	1	0	0	
8	1	0	0	
9	1	0	0	
10	1	0	0	
12	50	0	0	0	0	0	0	0	0	0	0	0	0	0	0	0	0	0	0	0	0	0	0	0	0	0	0	0	0	0	0	0	0	0	0	0	0	0	0	0	0	0	0	0	0	0	0	0	0	0	0	0	
15	50	0	0	0	0	0	0	0	0	0	0	0	0	0	0	0	0	0	0	0	0	0	0	0	0	0	0	0	0	0	0	0	0	0	0	0	0	0	0	0	0	0	0	0	0	0	0	0	0	0	0	0	
16	50	0	0	0	0	0	0	0	0	0	0	0	0	0	0	0	0	0	0	0	0	0	0	0	0	0	0	0	0	0	0	0	0	0	0	0	0	0	0	0	0	0	0	0	0	0	0	0	0	0	0	0	
19	50	0	0	0	0	0	0	0	0	0	0	0	0	0	0	0	0	0	0	0	0	0	0	0	0	0	0	0	0	0	0	0	0	0	0	0	0	0	0	0	0	0	0	0	0	0	0	0	0	0	0	0	
23	1	0	0	
24	50	0	0	0	0	0	0	0	0	0	0	0	0	0	0	0	0	0	0	0	0	0	0	0	0	0	0	0	0	0	0	0	0	0	0	0	0	0	0	0	0	0	0	0	0	0	0	0	0	0	0	0	
26	50	0	0	0	0	0	0	0	0	0	0	0	0	0	0	0	0	0	0	0	0	0	0	0	0	0	0	0	0	0	0	0	0	0	0	0	0	0	0	0	0	0	0	0	0	0	0	0	0	0	0	0	
27	50	0	0	0	0	0	0	0	0	0	0	0	0	0	0	0	0	0	0	0	0	0	0	0	0	0	0	0	0	0	0	0	0	0	0	0	0	0	0	0	0	0	0	0	0	0	0	0	0	0	0	0	
29	50	0	0	0	0	0	0	0	0	0	0	0	0	0	0	0	0	0	0	0	0	0	0	0	0	0	0	0	0	0	0	0	0	0	0	0	0	0	0	0	0	0	0	0	0	0	0	0	0	0	0	0	
32	50	0	0	0	0	0	0	0	0	0	0	0	0	0	0	0	0	0	0	0	0	0	0	0	0	0	0	0	0	0	0	0	0	0	0	0	0	0	0	0	0	0	0	0	0	0	0	0	0	0	0	0	
34	50	0	0	0	0	0	0	0	0	0	0	0	0	0	0	0	0	0	0	0	0	0	0	0	0	0	0	0	0	0	0	0	0	0	0	0	0	0	0	0	0	0	0	0	0	0	0	0	0	0	0	0	

0x16f9000
0	1	0	0	
1	1	0	0	
2	1	0	0	
3	1	0	0	
4	1	0	0	
5	1	0	0	
6	1	0	0	
7	1	0	0	
8	1	0	0	
9	1	0	0	
10	1	0	0	
11	1	0	0	
12	1	0	0	
13	1	0	0	
14	1	0	0	
15	1	0	0	
16	1	0	0	
17	1	0	0	
18	1	0	0	
19	1	0	0	
20	1	0	0	
21	1	0	0	
22	1	0	0	
23	1	0	0	
24	1	0	0	
25	1	0	0	
26	1	0	0	
27	1	0	0	
28	1	0	0	
29	1	0	0	
30	1	0	0	
31	1	0	0	
32	1	0	0	
33	1	0	0	
34	1	0	0	
35	1	0	0	
36	1	0	0	
37	1	0	0	
38	1	0	0	
39	1	0	0	
40	1	0	0	
41	1	0	0	
42	1	0	0	
43	1	0	0	
44	1	0	0	
45	1	0	0	
46	1	0	0	
47	1	0	0	
48	1	0	0	
49	1	0	0	
50	1	0	0	
51	1	0	0	
52	1	0	0	
53	1	0	0	
54	1	0	0	
55	1	0	0	
56	1	0	0	
57	1	0	0	
58	1	0	0	
59	1	0	0	
60	1	0	0	
61	1	0	0	
62	1	0	0	
63	1	0	0	

0x16fa000
0	1	0	0	
1	1	0	0	
2	1	0	0	
3	1	0	0	
4	1	0	0	
5	1	0	0	
6	1	0	0	
7	1	0	0	
8	1	0	0	
9	1	0	0	
10	1	0	0	
11	1	0	0	
12	1	0	0	
13	1	0	0	
14	1	0	0	
15	1	0	0	
16	1	0	0	
17	1	0	0	
18	1	0	0	
19	1	0	0	
20	1	0	0	
21	1	0	0	
22	1	0	0	
23	1	0	0	
24	1	0	0	
25	1	0	0	
26	1	0	0	
27	1	0	0	
28	1	0	0	
29	1	0	0	
30	1	0	0	
31	1	0	0	
32	1	0	0	
33	1	0	0	
34	1	0	0	
35	1	0	0	
36	1	0	0	
37	1	0	0	
38	1	0	0	
39	1	0	0	
40	1	0	0	
41	1	0	0	
42	1	0	0	
43	1	0	0	
44	1	0	0	
45	1	0	0	
46	1	0	0	
49	1	0	0	
50	1	0	0	
52	1	0	0	
55	1	0	0	
56	1	0	0	
57	1	0	0	
62	1	0	0	
63	1	0	0	

0x16fb000
0	1	0	0	
1	1	0	0	
5	1	0	0	
6	1	0	0	
7	1	0	0	
8	1	0	0	
16	1	0	0	
19	1	0	0	
24	1	0	0	
25	1	0	0	
26	1	0	0	
29	1	0	0	
30	1	0	0	
31	1	0	0	
32	1	0	0	
33	1	0	0	
34	1	0	0	
35	1	0	0	
37	1	0	0	
38	1	0	0	
39	1	0	0	
40	1	0	0	
41	1	0	0	
42	1	0	0	
43	1	0	0	
44	1	0	0	
45	1	0	0	
46	1	0	0	
47	1	0	0	
48	1	0	0	
49	1	0	0	
50	1	0	0	
51	1	0	0	
52	1	0	0	
53	1	0	0	
54	1	0	0	
55	1	0	0	
56	1	0	0	
57	1	0	0	
58	1	0	0	
59	1	0	0	
60	1	0	0	
61	1	0	0	
62	1	0	0	
63	1	0	0	

0x16fc000
0	1	0	0	
1	1	0	0	
2	1	0	0	
3	1	0	0	
4	1	0	0	
5	1	0	0	
6	1	0	0	
7	1	0	0	
8	1	0	0	
9	1	0	0	
10	1	0	0	
11	1	0	0	
12	1	0	0	
13	1	0	0	
14	1	0	0	
15	1	0	0	
16	1	0	0	
17	1	0	0	
18	1	0	0	
19	1	0	0	
20	1	0	0	
21	1	0	0	
22	1	0	0	
23	1	0	0	
24	1	0	0	
25	1	0	0	
26	1	0	0	
27	1	0	0	
28	1	0	0	
29	1	0	0	
30	1	0	0	
31	1	0	0	
32	1	0	0	
33	1	0	0	
34	1	0	0	
35	1	0	0	
36	1	0	0	
37	1	0	0	
38	1	0	0	
39	1	0	0	
40	1	0	0	
41	1	0	0	
42	1	0	0	
43	1	0	0	
44	1	0	0	
45	1	0	0	
46	1	0	0	
47	1	0	0	
48	1	0	0	
49	1	0	0	
50	1	0	0	
51	1	0	0	
52	1	0	0	
53	1	0	0	
54	1	0	0	
55	1	0	0	
56	1	0	0	
57	1	0	0	
58	1	0	0	
59	1	0	0	
60	1	0	0	
61	1	0	0	
62	1	0	0	
63	1	0	0	

0x16fd000
0	1	0	0	
1	1	0	0	
2	1	0	0	
3	1	0	0	
4	1	0	0	
5	1	0	0	
6	1	0	0	
7	1	0	0	
8	1	0	0	
9	1	0	0	
10	1	0	0	
11	1	0	0	
12	1	0	0	
13	1	0	0	
14	1	0	0	
15	1	0	0	
16	1	0	0	
17	1	0	0	
18	1	0	0	
19	1	0	0	
20	1	0	0	
21	1	0	0	
22	1	0	0	
23	1	0	0	
24	1	0	0	
25	1	0	0	
26	1	0	0	
27	1	0	0	
28	1	0	0	
29	1	0	0	
30	1	0	0	
31	1	0	0	
32	1	0	0	
33	1	0	0	
34	1	0	0	
35	1	0	0	
36	1	0	0	
37	1	0	0	
38	1	0	0	
39	1	0	0	
40	1	0	0	
41	1	0	0	
42	1	0	0	
45	1	0	0	
46	1	0	0	
47	1	0	0	
48	1	0	0	
49	1	0	0	
54	1	0	0	
55	1	0	0	
56	1	0	0	
57	1	0	0	
58	1	0	0	
59	1	0	0	
60	1	0	0	
61	1	0	0	
62	1	0	0	
63	1	0	0	

0x16fe000
0	1	0	0	
2	1	0	0	
3	1	0	0	
5	1	0	0	
6	1	0	0	
7	1	0	0	
10	1	0	0	
14	1	0	0	
15	1	0	0	
16	1	0	0	
17	1	0	0	
19	1	0	0	
20	1	0	0	
21	1	0	0	
22	1	0	0	
23	1	0	0	
25	1	0	0	
28	1	0	0	
29	1	0	0	
30	1	0	0	
31	1	0	0	
32	1	0	0	
33	1	0	0	
34	1	0	0	
35	1	0	0	
36	1	0	0	
37	1	0	0	
38	1	0	0	
39	1	0	0	
40	1	0	0	
41	1	0	0	
42	1	0	0	
43	1	0	0	
44	1	0	0	
46	1	0	0	
50	1	0	0	
51	1	0	0	
52	1	0	0	
53	1	0	0	
54	1	0	0	
55	1	0	0	
56	1	0	0	
57	1	0	0	
58	1	0	0	
59	1	0	0	
62	1	0	0	
63	1	0	0	

0x16ff000
0	1	0	0	
1	1	0	0	
2	1	0	0	
3	1	0	0	
4	1	0	0	
5	1	0	0	
6	1	0	0	
7	1	0	0	
8	1	0	0	
9	1	0	0	
10	1	0	0	
11	1	0	0	
12	1	0	0	
13	1	0	0	
14	1	0	0	
15	1	0	0	
16	1	0	0	
17	1	0	0	
19	1	0	0	
20	1	0	0	
21	1	0	0	
22	1	0	0	
23	1	0	0	
24	1	0	0	
25	1	0	0	
26	1	0	0	
27	1	0	0	
28	1	0	0	
29	1	0	0	
30	1	0	0	
31	1	0	0	
32	1	0	0	
33	1	0	0	
34	1	0	0	
35	1	0	0	
36	1	0	0	
37	1	0	0	
38	1	0	0	
39	1	0	0	
40	1	0	0	
41	1	0	0	
42	1	0	0	
43	1	0	0	
44	1	0	0	
45	1	0	0	
46	1	0	0	
47	1	0	0	
48	1	0	0	
49	1	0	0	
50	1	0	0	
51	1	0	0	
52	1	0	0	
53	1	0	0	
54	1	0	0	
55	1	0	0	
56	1	0	0	
57	1	0	0	
58	1	0	0	
59	1	0	0	
60	1	0	0	
61	1	0	0	
62	1	0	0	
63	1	0	0	

0x1700000
0	1	0	0	
1	1	0	0	
2	1	0	0	
3	1	0	0	
4	1	0	0	
5	1	0	0	
6	1	0	0	
7	1	0	0	
8	1	0	0	
9	1	0	0	
10	1	0	0	
11	1	0	0	
12	1	0	0	
13	1	0	0	
14	1	0	0	
15	1	0	0	
16	1	0	0	
17	1	0	0	
18	1	0	0	
19	1	0	0	
20	1	0	0	
21	1	0	0	
22	1	0	0	
23	1	0	0	
24	1	0	0	
25	1	0	0	
26	1	0	0	
27	1	0	0	
28	1	0	0	
29	1	0	0	
30	1	0	0	
31	1	0	0	
32	1	0	0	
33	1	0	0	
34	1	0	0	
35	1	0	0	
36	1	0	0	
37	1	0	0	
38	1	0	0	
39	1	0	0	
40	1	0	0	
41	1	0	0	
42	1	0	0	
43	1	0	0	
44	1	0	0	
45	1	0	0	
46	1	0	0	
47	1	0	0	
48	1	0	0	
49	1	0	0	
50	1	0	0	
51	1	0	0	
52	1	0	0	
53	1	0	0	
54	1	0	0	
55	1	0	0	
56	1	0	0	
57	1	0	0	
58	1	0	0	
59	1	0	0	
60	1	0	0	
61	1	0	0	
62	1	0	0	
63	1	0	0	

0x1701000
0	1	0	0	
1	1	0	0	
2	1	0	0	
3	1	0	0	
4	1	0	0	
5	1	0	0	
6	1	0	0	
7	1	0	0	
8	1	0	0	
9	1	0	0	
10	1	0	0	
11	1	0	0	
12	1	0	0	
13	1	0	0	
14	1	0	0	
15	1	0	0	
16	1	0	0	
17	1	0	0	
18	1	0	0	
19	1	0	0	
20	1	0	0	
21	1	0	0	
22	1	0	0	
23	1	0	0	
24	1	0	0	
25	1	0	0	
26	1	0	0	
27	1	0	0	
28	1	0	0	
29	1	0	0	
30	1	0	0	
31	1	0	0	
32	1	0	0	
33	1	0	0	
34	1	0	0	
35	1	0	0	
36	1	0	0	
37	1	0	0	
38	1	0	0	
39	1	0	0	
40	1	0	0	
41	1	0	0	
42	1	0	0	
43	1	0	0	
44	1	0	0	
45	1	0	0	
46	1	0	0	
47	1	0	0	
48	1	0	0	
49	1	0	0	
50	1	0	0	
51	1	0	0	
52	1	0	0	
53	1	0	0	
54	1	0	0	
55	1	0	0	
56	1	0	0	
57	1	0	0	
58	1	0	0	
59	1	0	0	
60	1	0	0	
61	1	0	0	
62	1	0	0	
63	1	0	0	

0x1702000
0	1	0	0	
1	1	0	0	
2	1	0	0	
3	1	0	0	
4	1	0	0	
5	1	0	0	
6	1	0	0	
7	1	0	0	
8	1	0	0	
9	1	0	0	
10	1	0	0	
11	1	0	0	
12	1	0	0	
13	1	0	0	
14	1	0	0	
15	1	0	0	
16	1	0	0	
17	1	0	0	
18	1	0	0	
19	1	0	0	
20	1	0	0	
21	1	0	0	
22	1	0	0	
23	1	0	0	
24	1	0	0	
26	1	0	0	
27	1	0	0	
28	1	0	0	
29	1	0	0	
30	1	0	0	
31	1	0	0	
32	1	0	0	
33	1	0	0	
34	1	0	0	
35	1	0	0	
36	1	0	0	
37	1	0	0	
38	1	0	0	
39	1	0	0	
40	1	0	0	
41	1	0	0	
42	1	0	0	
43	1	0	0	
44	1	0	0	
45	1	0	0	
46	1	0	0	
47	1	0	0	
48	1	0	0	
49	1	0	0	
50	1	0	0	
51	1	0	0	
52	1	0	0	
53	1	0	0	
54	1	0	0	
55	1	0	0	
56	1	0	0	
57	1	0	0	
58	1	0	0	
59	1	0	0	
60	1	0	0	
61	1	0	0	
62	1	0	0	
63	1	0	0	

0x1703000
0	1	0	0	
1	1	0	0	
4	1	0	0	
5	1	0	0	
6	1	0	0	
7	1	0	0	
8	1	0	0	
10	1	0	0	
12	1	0	0	
13	1	0	0	
14	1	0	0	
17	1	0	0	
18	1	0	0	
19	1	0	0	
21	1	0	0	
23	1	0	0	
32	1	0	0	
37	1	0	0	
38	1	0	0	
39	1	0	0	

0x1724000
49	1	0	0	

0x172d000
14	1	0	0	

0x1731000

0x1735000
5	1	0	0	
53	1	0	0	

0x1739000
21	1	0	0	
24	1	0	0	
33	1	0	0	

0x173b000

0x1741000
17	1	0	0	

0x17c1000

0x1836000

0x1837000

0x1839000

0x183a000

0x183c000

0x191c000
27	1	0	0	
37	1	0	0	
57	1	0	0	

0x191d000

0x191e000

0x191f000

0x7f3a68001000
1	1	0	0	
3	1	0	0	
4	1	0	0	
5	1	0	0	
6	1	0	0	
7	1	0	0	
8	1	0	0	
10	1	0	0	
11	1	0	0	
13	1	0	0	
15	1	0	0	
17	1	0	0	
18	1	0	0	
19	1	0	0	
20	1	0	0	
21	1	0	0	
22	1	0	0	
23	1	0	0	
24	1	0	0	
25	1	0	0	
26	1	0	0	
28	1	0	0	
30	1	0	0	
32	1	0	0	
33	1	0	0	
34	1	0	0	
35	1	0	0	
37	1	0	0	
38	1	0	0	
39	1	0	0	
40	1	0	0	
41	1	0	0	
42	1	0	0	
44	1	0	0	
45	1	0	0	
48	1	0	0	
49	1	0	0	
50	1	0	0	
51	1	0	0	
52	1	0	0	
53	1	0	0	
55	1	0	0	
56	1	0	0	
57	1	0	0	
58	1	0	0	
59	1	0	0	
60	1	0	0	
61	1	0	0	
62	1	0	0	
63	1	0	0	

0x7f3a68002000
0	1	0	0	
2	1	0	0	
3	1	0	0	
4	1	0	0	
5	1	0	0	
6	1	0	0	
7	1	0	0	
9	1	0	0	
11	1	0	0	
12	1	0	0	
13	1	0	0	
14	1	0	0	
15	1	0	0	
16	1	0	0	
18	1	0	0	
20	1	0	0	
21	1	0	0	
22	1	0	0	
23	1	0	0	
25	1	0	0	
28	1	0	0	
29	1	0	0	
30	1	0	0	
31	1	0	0	
32	1	0	0	
33	1	0	0	
34	1	0	0	
35	1	0	0	
36	1	0	0	
37	1	0	0	
38	1	0	0	
39	1	0	0	
40	1	0	0	
41	1	0	0	
42	1	0	0	
43	1	0	0	
44	1	0	0	
45	1	0	0	
48	1	0	0	
50	1	0	0	
52	1	0	0	
54	1	0	0	
55	1	0	0	
56	1	0	0	
57	1	0	0	
58	1	0	0	
59	1	0	0	
60	1	0	0	
61	1	0	0	
62	1	0	0	
63	1	0	0	

0x7f3a68003000
0	1	0	0	
1	1	0	0	
5	1	0	0	
6	1	0	0	
7	1	0	0	
8	1	0	0	
9	1	0	0	
10	1	0	0	
11	1	0	0	
12	1	0	0	
13	1	0	0	
14	1	0	0	
15	1	0	0	
16	1	0	0	
17	1	0	0	
18	1	0	0	
20	1	0	0	
21	1	0	0	
22	1	0	0	
23	1	0	0	
24	1	0	0	
25	1	0	0	
26	1	0	0	
27	1	0	0	
28	1	0	0	
29	1	0	0	
30	1	0	0	
31	1	0	0	
33	1	0	0	
35	1	0	0	
37	1	0	0	
39	1	0	0	
41	1	0	0	
44	1	0	0	
45	1	0	0	
46	1	0	0	
47	1	0	0	
48	1	0	0	
49	1	0	0	
50	1	0	0	
51	1	0	0	
59	1	0	0	
60	1	0	0	
61	1	0	0	
62	1	0	0	
63	1	0	0	

0x7f3a68004000
0	1	0	0	
1	1	0	0	
2	1	0	0	
3	1	0	0	
4	1	0	0	
5	1	0	0	
6	1	0	0	
7	1	0	0	
8	1	0	0	
9	1	0	0	
10	1	0	0	
11	1	0	0	
12	1	0	0	
13	1	0	0	
14	1	0	0	
16	1	0	0	
17	1	0	0	
18	1	0	0	
19	1	0	0	
20	1	0	0	
21	1	0	0	
22	1	0	0	
23	1	0	0	
24	1	0	0	
25	1	0	0	
26	1	0	0	
27	1	0	0	
28	1	0	0	
29	1	0	0	
30	1	0	0	
31	1	0	0	
32	1	0	0	
33	1	0	0	
34	1	0	0	
35	1	0	0	
36	1	0	0	
37	1	0	0	
38	1	0	0	
39	1	0	0	
40	1	0	0	
41	1	0	0	
42	1	0	0	
43	1	0	0	
44	1	0	0	
45	1	0	0	
47	1	0	0	
50	1	0	0	
51	1	0	0	
52	1	0	0	
53	1	0	0	
54	1	0	0	
56	1	0	0	
57	1	0	0	
58	1	0	0	
59	1	0	0	
61	1	0	0	
62	1	0	0	

0x7f3a68005000
0	1	0	0	
1	1	0	0	
2	1	0	0	
5	1	0	0	
6	1	0	0	
7	1	0	0	
8	1	0	0	
10	1	0	0	
11	1	0	0	
12	1	0	0	
13	1	0	0	
14	1	0	0	
17	1	0	0	
18	1	0	0	
19	1	0	0	
21	1	0	0	
23	1	0	0	
26	1	0	0	
27	1	0	0	
30	1	0	0	
31	1	0	0	
32	1	0	0	
46	1	0	0	

0x7f3a68006000
20	1	0	0	
25	1	0	0	
26	1	0	0	
32	1	0	0	
33	1	0	0	
34	1	0	0	
35	1	0	0	
36	1	0	0	
37	1	0	0	
38	1	0	0	
39	1	0	0	
40	1	0	0	
41	1	0	0	
42	1	0	0	
43	1	0	0	
44	1	0	0	
45	1	0	0	
46	1	0	0	
47	1	0	0	
48	1	0	0	
49	1	0	0	
50	1	0	0	
51	1	0	0	
53	1	0	0	
54	1	0	0	
55	1	0	0	
56	1	0	0	
57	1	0	0	
58	1	0	0	
59	1	0	0	

0x7f3a68007000
17	1	0	0	
40	1	0	0	
41	1	0	0	
53	1	0	0	
55	1	0	0	

0x7f3a68008000
16	1	0	0	
19	1	0	0	
20	1	0	0	
23	1	0	0	
24	1	0	0	
25	1	0	0	
27	1	0	0	
34	1	0	0	
36	1	0	0	
37	1	0	0	
38	1	0	0	
39	1	0	0	
42	1	0	0	
43	1	0	0	
48	1	0	0	
55	1	0	0	
56	1	0	0	
57	1	0	0	
58	1	0	0	
59	1	0	0	
60	1	0	0	
61	1	0	0	

0x7f3a68009000
1	1	0	0	
2	1	0	0	
3	1	0	0	
4	1	0	0	
5	1	0	0	
6	1	0	0	
7	1	0	0	
13	1	0	0	
14	1	0	0	
22	1	0	0	
23	1	0	0	
25	1	0	0	
34	1	0	0	
38	1	0	0	
39	1	0	0	
40	1	0	0	
41	1	0	0	
47	1	0	0	
48	1	0	0	
49	1	0	0	
51	1	0	0	
52	1	0	0	
54	1	0	0	
59	1	0	0	
60	1	0	0	
61	1	0	0	
63	1	0	0	

0x7f3a6800a000
1	1	0	0	
16	1	0	0	

0x7f3a6800b000
21	1	0	0	
30	1	0	0	
31	1	0	0	
32	1	0	0	
33	1	0	0	
34	1	0	0	
36	1	0	0	
37	1	0	0	
38	1	0	0	
39	1	0	0	
40	1	0	0	
41	1	0	0	
42	1	0	0	
45	1	0	0	
46	1	0	0	
47	1	0	0	
48	1	0	0	
49	1	0	0	
50	1	0	0	
51	1	0	0	
52	1	0	0	
53	1	0	0	
54	1	0	0	
55	1	0	0	
63	1	0	0	

0x7f3a6800c000
0	1	0	0	
1	1	0	0	
2	1	0	0	
3	1	0	0	
4	1	0	0	
5	1	0	0	
6	1	0	0	
7	1	0	0	
8	1	0	0	
9	1	0	0	
10	1	0	0	
11	1	0	0	
13	1	0	0	
14	1	0	0	
15	1	0	0	
16	1	0	0	
17	1	0	0	
19	1	0	0	
20	1	0	0	
21	1	0	0	
28	1	0	0	
31	1	0	0	
36	1	0	0	
41	1	0	0	
60	1	0	0	
63	1	0	0	

0x7f3a6800d000
23	1	0	0	
32	1	0	0	
37	1	0	0	
45	1	0	0	
46	1	0	0	
48	1	0	0	
49	1	0	0	
50	1	0	0	
51	1	0	0	
54	1	0	0	
56	1	0	0	
57	1	0	0	
60	1	0	0	
63	1	0	0	

0x7f3a6800e000
1	1	0	0	
5	1	0	0	
21	1	0	0	
22	1	0	0	
23	1	0	0	
24	1	0	0	
25	1	0	0	
26	1	0	0	
28	1	0	0	
32	1	0	0	
34	1	0	0	
39	1	0	0	
42	1	0	0	
43	1	0	0	
44	1	0	0	
45	1	0	0	
46	1	0	0	
47	1	0	0	
48	1	0	0	
54	1	0	0	
55	1	0	0	
60	1	0	0	
62	1	0	0	
63	1	0	0	

0x7f3a6800f000
2	1	0	0	
5	1	0	0	
8	1	0	0	
14	1	0	0	
21	1	0	0	
63	1	0	0	

0x7f3a68010000
3	1	0	0	
4	1	0	0	
6	1	0	0	
8	1	0	0	
9	1	0	0	
11	1	0	0	
20	1	0	0	
21	1	0	0	
22	1	0	0	
23	1	0	0	
31	1	0	0	
32	1	0	0	
33	1	0	0	
34	1	0	0	
35	1	0	0	
36	1	0	0	
37	1	0	0	
38	1	0	0	
39	1	0	0	
40	1	0	0	
41	1	0	0	
42	1	0	0	
43	1	0	0	
44	1	0	0	
45	1	0	0	
46	1	0	0	
47	1	0	0	
49	1	0	0	
50	1	0	0	
51	1	0	0	
52	1	0	0	
53	1	0	0	
54	1	0	0	
55	1	0	0	
56	1	0	0	
57	1	0	0	
58	1	0	0	
59	1	0	0	
60	1	0	0	
61	1	0	0	
62	1	0	0	
63	1	0	0	

0x7f3a68011000
3	1	0	0	
4	1	0	0	
5	1	0	0	
6	1	0	0	
7	1	0	0	
8	1	0	0	
10	1	0	0	
11	1	0	0	
12	1	0	0	
14	1	0	0	
15	1	0	0	
16	1	0	0	
18	1	0	0	
19	1	0	0	
20	1	0	0	
21	1	0	0	
22	1	0	0	
23	1	0	0	
25	1	0	0	
28	1	0	0	
32	1	0	0	
33	1	0	0	
34	1	0	0	
35	1	0	0	
36	1	0	0	
37	1	0	0	
38	1	0	0	
39	1	0	0	
40	1	0	0	
41	1	0	0	
42	1	0	0	
43	1	0	0	
44	1	0	0	
46	1	0	0	
47	1	0	0	
48	1	0	0	
49	1	0	0	
50	1	0	0	
51	1	0	0	
52	1	0	0	
53	1	0	0	
59	1	0	0	
60	1	0	0	
61	1	0	0	
62	1	0	0	
63	1	0	0	

0x7f3a68012000
0	1	0	0	
1	1	0	0	
4	1	0	0	
5	1	0	0	
6	1	0	0	
7	1	0	0	
8	1	0	0	
9	1	0	0	
10	1	0	0	
11	1	0	0	
12	1	0	0	
13	1	0	0	
14	1	0	0	
15	1	0	0	
16	1	0	0	
17	1	0	0	
18	1	0	0	
24	1	0	0	
25	1	0	0	
29	1	0	0	
30	1	0	0	
32	1	0	0	
33	1	0	0	
36	1	0	0	
37	1	0	0	

0x7f3a78000000
39	1	0	0	

0x7f3a78001000
2	1	0	0	
3	1	0	0	
4	1	0	0	
5	1	0	0	
6	1	0	0	
7	1	0	0	
8	1	0	0	
9	1	0	0	
10	1	0	0	
12	1	0	0	
13	1	0	0	
14	1	0	0	
15	1	0	0	
16	1	0	0	
17	1	0	0	
18	1	0	0	
19	1	0	0	
20	1	0	0	
21	1	0	0	
22	1	0	0	
23	1	0	0	
24	1	0	0	
27	1	0	0	
28	1	0	0	
30	1	0	0	
31	1	0	0	
32	1	0	0	
33	1	0	0	
34	1	0	0	
35	1	0	0	
36	1	0	0	
37	1	0	0	
38	1	0	0	
39	1	0	0	
41	1	0	0	
42	1	0	0	
43	1	0	0	
44	1	0	0	
45	1	0	0	
46	1	0	0	
47	1	0	0	
48	1	0	0	
49	1	0	0	
50	1	0	0	
51	1	0	0	
52	1	0	0	
53	1	0	0	
54	1	0	0	
55	1	0	0	
56	1	0	0	
57	1	0	0	
58	1	0	0	
59	1	0	0	
60	1	0	0	
61	1	0	0	
62	1	0	0	
63	1	0	0	

0x7f3a78002000
0	1	0	0	
1	1	0	0	
2	1	0	0	
3	1	0	0	
4	1	0	0	
5	1	0	0	
6	1	0	0	
7	1	0	0	
8	1	0	0	
9	1	0	0	
10	1	0	0	
11	1	0	0	
12	1	0	0	
13	1	0	0	
14	1	0	0	
15	1	0	0	
16	1	0	0	
17	1	0	0	
18	1	0	0	
19	1	0	0	
20	1	0	0	
21	1	0	0	
22	1	0	0	
23	1	0	0	
24	1	0	0	
25	1	0	0	
26	1	0	0	
27	1	0	0	
28	1	0	0	
29	1	0	0	
30	1	0	0	
31	1	0	0	
32	1	0	0	
33	1	0	0	
34	1	0	0	
35	1	0	0	
36	1	0	0	
37	1	0	0	
38	1	0	0	
39	1	0	0	
40	1	0	0	
41	1	0	0	
42	1	0	0	
43	1	0	0	
44	1	0	0	
45	1	0	0	
46	1	0	0	
47	1	0	0	
48	1	0	0	
49	1	0	0	
50	1	0	0	
51	1	0	0	
52	1	0	0	
53	1	0	0	
54	1	0	0	
55	1	0	0	
56	1	0	0	
57	1	0	0	
58	1	0	0	
59	1	0	0	
60	1	0	0	
61	1	0	0	
62	1	0	0	
63	1	0	0	

0x7f3a78003000
0	1	0	0	
1	1	0	0	
2	1	0	0	
3	1	0	0	
4	1	0	0	
5	1	0	0	
6	1	0	0	
7	1	0	0	
8	1	0	0	
9	1	0	0	
10	1	0	0	
11	1	0	0	
12	1	0	0	
13	1	0	0	
14	1	0	0	
15	1	0	0	
16	1	0	0	
17	1	0	0	
18	1	0	0	
19	1	0	0	
20	1	0	0	
21	1	0	0	
22	1	0	0	
23	1	0	0	
24	1	0	0	
25	1	0	0	
26	1	0	0	
27	1	0	0	
28	1	0	0	
29	1	0	0	
30	1	0	0	
31	1	0	0	
32	1	0	0	
33	1	0	0	
34	1	0	0	
35	1	0	0	
36	1	0	0	
37	1	0	0	
38	1	0	0	
39	1	0	0	
40	1	0	0	
41	1	0	0	
42	1	0	0	
43	1	0	0	
44	1	0	0	
45	1	0	0	
46	1	0	0	
47	1	0	0	
48	1	0	0	
49	1	0	0	
50	1	0	0	
51	1	0	0	
52	1	0	0	
53	1	0	0	
54	1	0	0	
55	1	0	0	
56	1	0	0	
57	1	0	0	
58	1	0	0	
59	1	0	0	
60	1	0	0	
61	1	0	0	
62	1	0	0	
63	1	0	0	

0x7f3a78004000
0	1	0	0	
1	1	0	0	
2	1	0	0	
3	1	0	0	
4	1	0	0	
5	1	0	0	
6	1	0	0	
7	1	0	0	
8	1	0	0	
9	1	0	0	
10	1	0	0	
11	1	0	0	
12	1	0	0	
13	1	0	0	
14	1	0	0	
15	1	0	0	
16	1	0	0	
17	1	0	0	
18	1	0	0	
19	1	0	0	
20	1	0	0	
21	1	0	0	
22	1	0	0	
23	1	0	0	
24	1	0	0	
25	1	0	0	
26	1	0	0	
27	1	0	0	
28	1	0	0	
29	1	0	0	
30	1	0	0	
31	1	0	0	
32	1	0	0	
33	1	0	0	
34	1	0	0	
35	1	0	0	
36	1	0	0	
37	1	0	0	
38	1	0	0	
39	1	0	0	
40	1	0	0	
41	1	0	0	
42	1	0	0	
43	1	0	0	
44	1	0	0	
45	1	0	0	
46	1	0	0	
47	1	0	0	
48	1	0	0	
49	1	0	0	
50	1	0	0	
51	1	0	0	
52	1	0	0	
53	1	0	0	
54	1	0	0	
55	1	0	0	
56	1	0	0	
57	1	0	0	
58	1	0	0	
59	1	0	0	
60	1	0	0	
61	1	0	0	
62	1	0	0	
63	1	0	0	

0x7f3a78005000
0	1	0	0	
1	1	0	0	
2	1	0	0	
3	1	0	0	
4	1	0	0	
5	1	0	0	
6	1	0	0	
7	1	0	0	
8	1	0	0	
9	1	0	0	
10	1	0	0	
11	1	0	0	
12	1	0	0	
13	1	0	0	
14	1	0	0	
15	1	0	0	
16	1	0	0	
17	1	0	0	
18	1	0	0	
19	1	0	0	
20	1	0	0	
21	1	0	0	
22	1	0	0	
23	1	0	0	
24	1	0	0	
25	1	0	0	
26	1	0	0	
27	1	0	0	
28	1	0	0	
29	1	0	0	
30	1	0	0	
31	1	0	0	
32	1	0	0	
33	1	0	0	
34	1	0	0	
35	1	0	0	
36	1	0	0	
37	1	0	0	
38	1	0	0	
41	1	0	0	
42	1	0	0	
43	1	0	0	
44	1	0	0	
45	1	0	0	
46	1	0	0	
47	1	0	0	
48	1	0	0	
49	1	0	0	
50	1	0	0	
51	1	0	0	
52	1	0	0	
53	1	0	0	
54	1	0	0	
55	1	0	0	
56	1	0	0	
57	1	0	0	
58	1	0	0	
59	1	0	0	
60	1	0	0	
61	1	0	0	
62	1	0	0	
63	1	0	0	

0x7f3a78006000
2	1	0	0	
3	1	0	0	
4	1	0	0	
5	1	0	0	
6	1	0	0	
7	1	0	0	
8	1	0	0	
9	1	0	0	
10	1	0	0	
11	1	0	0	
12	1	0	0	
13	1	0	0	
14	1	0	0	
15	1	0	0	
16	1	0	0	
17	1	0	0	
18	1	0	0	
19	1	0	0	
21	1	0	0	
22	1	0	0	
23	1	0	0	
24	1	0	0	
25	1	0	0	
26	1	0	0	
27	1	0	0	
28	1	0	0	
29	1	0	0	
30	1	0	0	
31	1	0	0	
32	1	0	0	
33	1	0	0	
34	1	0	0	
35	1	0	0	
36	1	0	0	
37	1	0	0	
38	1	0	0	
39	1	0	0	
40	1	0	0	
41	1	0	0	
42	1	0	0	
43	1	0	0	
44	1	0	0	
45	1	0	0	
46	1	0	0	
47	1	0	0	
48	1	0	0	
49	1	0	0	
50	1	0	0	
51	1	0	0	
52	1	0	0	
53	1	0	0	
54	1	0	0	
55	1	0	0	
56	1	0	0	
57	1	0	0	
58	1	0	0	
59	1	0	0	
60	1	0	0	
61	1	0	0	
62	1	0	0	

0x7f3a78007000
1	1	0	0	
2	1	0	0	
4	1	0	0	
5	1	0	0	
9	1	0	0	
10	1	0	0	
11	1	0	0	
12	1	0	0	
13	1	0	0	
14	1	0	0	
15	1	0	0	
16	1	0	0	
17	1	0	0	
18	1	0	0	
19	1	0	0	
20	1	0	0	
21	1	0	0	
23	1	0	0	
24	1	0	0	
27	1	0	0	
30	1	0	0	
31	1	0	0	
32	1	0	0	
33	1	0	0	
34	1	0	0	
35	1	0	0	
36	1	0	0	
37	1	0	0	
38	1	0	0	
39	1	0	0	
40	1	0	0	
41	1	0	0	
42	1	0	0	
43	1	0	0	
44	1	0	0	
45	1	0	0	
46	1	0	0	
47	1	0	0	
48	1	0	0	
49	1	0	0	
50	1	0	0	
52	1	0	0	
53	1	0	0	
54	1	0	0	
55	1	0	0	
56	1	0	0	
57	1	0	0	
58	1	0	0	
59	1	0	0	
60	1	0	0	
61	1	0	0	
62	1	0	0	
63	1	0	0	

0x7f3a78008000
0	1	0	0	
1	1	0	0	
2	1	0	0	
3	1	0	0	
4	1	0	0	
5	1	0	0	
6	1	0	0	
7	1	0	0	
8	1	0	0	
9	1	0	0	
10	1	0	0	
11	1	0	0	
12	1	0	0	
13	1	0	0	
14	1	0	0	
15	1	0	0	
16	1	0	0	
18	1	0	0	
19	1	0	0	
20	1	0	0	
23	1	0	0	
24	1	0	0	
25	1	0	0	
26	1	0	0	
27	1	0	0	
28	1	0	0	
29	1	0	0	
30	1	0	0	
32	1	0	0	
33	1	0	0	
40	1	0	0	
41	1	0	0	
44	1	0	0	
49	1	0	0	
50	1	0	0	
62	1	0	0	
63	1	0	0	

0x7f3a78009000
1	1	0	0	
7	1	0	0	
13	1	0	0	
14	1	0	0	
17	1	0	0	
20	1	0	0	
21	1	0	0	
44	1	0	0	
53	1	0	0	
59	1	0	0	
60	1	0	0	
61	1	0	0	
62	1	0	0	
63	1	0	0	

0x7f3a7800a000
1	1	0	0	
14	1	0	0	
15	1	0	0	
16	1	0	0	
17	1	0	0	
18	1	0	0	
35	1	0	0	
38	1	0	0	
46	1	0	0	
47	1	0	0	
49	1	0	0	
50	1	0	0	

0x7f3a7800b000
0	1	0	0	
1	1	0	0	
2	1	0	0	
3	1	0	0	
4	1	0	0	
5	1	0	0	
6	1	0	0	
9	1	0	0	
10	1	0	0	
11	1	0	0	
12	1	0	0	
16	1	0	0	
17	1	0	0	
22	1	0	0	
23	1	0	0	
24	1	0	0	
35	1	0	0	
36	1	0	0	
37	1	0	0	
38	1	0	0	
39	1	0	0	
40	1	0	0	
41	1	0	0	
42	1	0	0	
43	1	0	0	
44	1	0	0	
45	1	0	0	
46	1	0	0	
47	1	0	0	
48	1	0	0	
49	1	0	0	
50	1	0	0	
51	1	0	0	
52	1	0	0	
53	1	0	0	
54	1	0	0	
55	1	0	0	
56	1	0	0	
57	1	0	0	
58	1	0	0	
59	1	0	0	
60	1	0	0	
61	1	0	0	
62	1	0	0	
63	1	0	0	

0x7f3a7800c000
0	1	0	0	
1	1	0	0	
2	1	0	0	
3	1	0	0	
4	1	0	0	
5	1	0	0	
6	1	0	0	
7	1	0	0	
8	1	0	0	
9	1	0	0	
10	1	0	0	
11	1	0	0	
12	1	0	0	
13	1	0	0	
14	1	0	0	
15	1	0	0	
16	1	0	0	
17	1	0	0	
18	1	0	0	
19	1	0	0	
20	1	0	0	
21	1	0	0	
22	1	0	0	
24	1	0	0	
25	1	0	0	
27	1	0	0	
28	1	0	0	
29	1	0	0	
30	1	0	0	
31	1	0	0	
32	1	0	0	
33	1	0	0	
34	1	0	0	
35	1	0	0	
36	1	0	0	
37	1	0	0	
38	1	0	0	
39	1	0	0	
40	1	0	0	
41	1	0	0	
42	1	0	0	
43	1	0	0	
45	1	0	0	
50	1	0	0	
60	1	0	0	
62	1	0	0	
63	1	0	0	

0x7f3a7800d000
23	1	0	0	
25	1	0	0	
37	1	0	0	
40	1	0	0	
45	1	0	0	
46	1	0	0	
47	1	0	0	
48	1	0	0	
50	1	0	0	
51	1	0	0	
52	1	0	0	
53	1	0	0	
54	1	0	0	
55	1	0	0	
56	1	0	0	
57	1	0	0	
58	1	0	0	
59	1	0	0	
60	1	0	0	
61	1	0	0	
63	1	0	0	

0x7f3a7800e000
5	1	0	0	
7	1	0	0	
10	1	0	0	
11	1	0	0	
12	1	0	0	
13	1	0	0	
14	1	0	0	
15	1	0	0	
16	1	0	0	
17	1	0	0	
18	1	0	0	
19	1	0	0	
20	1	0	0	
22	1	0	0	
23	1	0	0	
24	1	0	0	
25	1	0	0	
26	1	0	0	
27	1	0	0	
28	1	0	0	
29	1	0	0	
30	1	0	0	
31	1	0	0	
32	1	0	0	
33	1	0	0	
34	1	0	0	
35	1	0	0	
36	1	0	0	
37	1	0	0	
38	1	0	0	
39	1	0	0	
40	1	0	0	
41	1	0	0	
42	1	0	0	
43	1	0	0	
44	1	0	0	
45	1	0	0	
48	1	0	0	
52	1	0	0	
53	1	0	0	
59	1	0	0	
61	1	0	0	
62	1	0	0	
63	1	0	0	

0x7f3a7800f000
0	1	0	0	
1	1	0	0	
2	1	0	0	
3	1	0	0	
4	1	0	0	
5	1	0	0	
6	1	0	0	
12	1	0	0	
13	1	0	0	
15	1	0	0	
16	1	0	0	
17	1	0	0	
18	1	0	0	
19	1	0	0	
20	1	0	0	
62	1	0	0	
63	1	0	0	

0x7f3a78010000
3	1	0	0	
4	1	0	0	
7	1	0	0	
8	1	0	0	
9	1	0	0	
10	1	0	0	
11	1	0	0	
20	1	0	0	
21	1	0	0	
22	1	0	0	
23	1	0	0	
31	1	0	0	
32	1	0	0	
33	1	0	0	
34	1	0	0	
35	1	0	0	
36	1	0	0	
37	1	0	0	
38	1	0	0	
39	1	0	0	
40	1	0	0	
41	1	0	0	
42	1	0	0	
43	1	0	0	
44	1	0	0	
45	1	0	0	
46	1	0	0	
47	1	0	0	
49	1	0	0	
50	1	0	0	
51	1	0	0	
52	1	0	0	
53	1	0	0	
54	1	0	0	
55	1	0	0	
56	1	0	0	
57	1	0	0	
58	1	0	0	
59	1	0	0	
60	1	0	0	
61	1	0	0	
62	1	0	0	
63	1	0	0	

0x7f3a78011000
1	1	0	0	
2	1	0	0	
3	1	0	0	
4	1	0	0	
5	1	0	0	
6	1	0	0	
7	1	0	0	
12	1	0	0	
13	1	0	0	
15	1	0	0	
16	1	0	0	
18	1	0	0	
19	1	0	0	
21	1	0	0	
22	1	0	0	
23	1	0	0	
25	1	0	0	
29	1	0	0	
30	1	0	0	
31	1	0	0	
34	1	0	0	
35	1	0	0	
36	1	0	0	
37	1	0	0	
38	1	0	0	
39	1	0	0	
40	1	0	0	
41	1	0	0	
42	1	0	0	
43	1	0	0	
44	1	0	0	
45	1	0	0	
46	1	0	0	
47	1	0	0	
48	1	0	0	
49	1	0	0	
50	1	0	0	
51	1	0	0	
52	1	0	0	
53	1	0	0	
60	1	0	0	
61	1	0	0	
62	1	0	0	
63	1	0	0	

0x7f3a78012000
0	1	0	0	
3	1	0	0	
4	1	0	0	
5	1	0	0	
7	1	0	0	
8	1	0	0	
9	1	0	0	
10	1	0	0	
11	1	0	0	
12	1	0	0	
13	1	0	0	
15	1	0	0	
17	1	0	0	
18	1	0	0	
24	1	0	0	
25	1	0	0	
26	1	0	0	
28	1	0	0	

0x7f3a80000000
0	1	0	0	
1	1	0	0	
34	2	0	0	0	
39	1	0	0	

0x7f3a80001000
1	1	0	0	
2	1	0	0	
3	1	0	0	
4	1	0	0	
5	1	0	0	
6	1	0	0	
7	1	0	0	
8	1	0	0	
9	1	0	0	
10	1	0	0	
11	1	0	0	
12	1	0	0	
13	1	0	0	
14	1	0	0	
15	1	0	0	
16	1	0	0	
17	1	0	0	
18	1	0	0	
19	1	0	0	
20	1	0	0	
21	1	0	0	
22	1	0	0	
23	1	0	0	
24	1	0	0	
25	1	0	0	
26	1	0	0	
27	1	0	0	
28	1	0	0	
29	1	0	0	
30	1	0	0	
31	1	0	0	
32	1	0	0	
33	1	0	0	
34	1	0	0	
35	1	0	0	
36	1	0	0	
37	1	0	0	
39	1	0	0	
40	1	0	0	
41	1	0	0	
42	1	0	0	
43	1	0	0	
44	1	0	0	
45	1	0	0	
46	1	0	0	
47	1	0	0	
48	1	0	0	
49	1	0	0	
50	1	0	0	
51	1	0	0	
52	1	0	0	
53	1	0	0	
54	1	0	0	
55	1	0	0	
56	1	0	0	
57	1	0	0	
58	1	0	0	
59	1	0	0	
60	1	0	0	
61	1	0	0	
62	1	0	0	
63	1	0	0	

0x7f3a80002000
0	1	0	0	
1	1	0	0	
2	1	0	0	
3	1	0	0	
4	1	0	0	
5	1	0	0	
6	1	0	0	
7	1	0	0	
8	1	0	0	
9	1	0	0	
10	1	0	0	
11	1	0	0	
12	1	0	0	
13	1	0	0	
14	1	0	0	
15	1	0	0	
16	1	0	0	
17	1	0	0	
18	1	0	0	
19	1	0	0	
20	1	0	0	
21	1	0	0	
22	1	0	0	
23	1	0	0	
24	1	0	0	
26	1	0	0	
28	1	0	0	
29	1	0	0	
30	1	0	0	
31	1	0	0	
32	1	0	0	
33	1	0	0	
34	1	0	0	
35	1	0	0	
36	1	0	0	
37	1	0	0	
38	1	0	0	
39	1	0	0	
40	1	0	0	
41	1	0	0	
42	1	0	0	
43	1	0	0	
44	1	0	0	
45	1	0	0	
46	1	0	0	
47	1	0	0	
48	1	0	0	
49	1	0	0	
50	1	0	0	
51	1	0	0	
52	1	0	0	
53	1	0	0	
54	1	0	0	
55	1	0	0	
56	1	0	0	
57	1	0	0	
58	1	0	0	
59	1	0	0	
60	1	0	0	
61	1	0	0	
62	1	0	0	
63	1	0	0	

0x7f3a80003000
0	1	0	0	
1	1	0	0	
2	1	0	0	
4	1	0	0	
10	1	0	0	
11	1	0	0	
13	1	0	0	
14	1	0	0	
15	1	0	0	
16	1	0	0	
18	1	0	0	
19	1	0	0	
20	1	0	0	
21	1	0	0	
22	1	0	0	
23	1	0	0	
24	1	0	0	
25	1	0	0	
26	1	0	0	
27	1	0	0	
28	1	0	0	
30	1	0	0	
31	1	0	0	
33	1	0	0	
35	1	0	0	
36	1	0	0	
37	1	0	0	
38	1	0	0	
39	1	0	0	
40	1	0	0	
41	1	0	0	
42	1	0	0	
43	1	0	0	
44	1	0	0	
45	1	0	0	
46	1	0	0	
47	1	0	0	
48	1	0	0	
52	1	0	0	
53	1	0	0	
54	1	0	0	
55	1	0	0	
56	1	0	0	
57	1	0	0	
58	1	0	0	
59	1	0	0	
60	1	0	0	
61	1	0	0	
62	1	0	0	
63	1	0	0	

0x7f3a80004000
0	1	0	0	
1	1	0	0	
2	1	0	0	
3	1	0	0	
4	1	0	0	
5	1	0	0	
6	1	0	0	
7	1	0	0	
8	1	0	0	
9	1	0	0	
10	1	0	0	
11	1	0	0	
12	1	0	0	
13	1	0	0	
14	1	0	0	
15	1	0	0	
16	1	0	0	
17	1	0	0	
18	1	0	0	
19	1	0	0	
20	1	0	0	
21	1	0	0	
22	1	0	0	
23	1	0	0	
24	1	0	0	
25	1	0	0	
26	1	0	0	
27	1	0	0	
28	1	0	0	
29	1	0	0	
30	1	0	0	
31	1	0	0	
32	1	0	0	
33	1	0	0	
34	1	0	0	
35	1	0	0	
36	1	0	0	
37	1	0	0	
38	1	0	0	
39	1	0	0	
40	1	0	0	
41	1	0	0	
42	1	0	0	
43	1	0	0	
44	1	0	0	
45	1	0	0	
46	1	0	0	
47	1	0	0	
48	1	0	0	
49	1	0	0	
50	1	0	0	
52	1	0	0	
53	1	0	0	
54	1	0	0	
55	1	0	0	
56	1	0	0	
57	1	0	0	
58	1	0	0	
59	1	0	0	
60	1	0	0	
61	1	0	0	
62	1	0	0	
63	1	0	0	

0x7f3a80005000
0	1	0	0	
1	1	0	0	
2	1	0	0	
3	1	0	0	
4	1	0	0	
5	1	0	0	
6	1	0	0	
7	1	0	0	
8	1	0	0	
9	1	0	0	
10	1	0	0	
11	1	0	0	
12	1	0	0	
13	1	0	0	
14	1	0	0	
15	1	0	0	
16	1	0	0	
20	1	0	0	
21	1	0	0	
22	1	0	0	
23	1	0	0	
24	1	0	0	
25	1	0	0	
26	1	0	0	
27	1	0	0	
28	1	0	0	
29	1	0	0	
30	1	0	0	
31	1	0	0	
32	1	0	0	
33	1	0	0	
34	1	0	0	
35	1	0	0	
36	1	0	0	
37	1	0	0	
38	1	0	0	
39	1	0	0	
40	1	0	0	
41	1	0	0	
42	1	0	0	
43	1	0	0	
44	1	0	0	
45	1	0	0	
46	1	0	0	
47	1	0	0	
49	1	0	0	
51	1	0	0	
53	1	0	0	
55	1	0	0	
56	1	0	0	
57	1	0	0	
58	1	0	0	
59	1	0	0	
60	1	0	0	
62	1	0	0	
63	1	0	0	

0x7f3a80006000
0	1	0	0	
1	1	0	0	
2	1	0	0	
3	1	0	0	
4	1	0	0	
5	1	0	0	
6	1	0	0	
7	1	0	0	
8	1	0	0	
9	1	0	0	
10	1	0	0	
11	1	0	0	
12	1	0	0	
13	1	0	0	
14	1	0	0	
15	1	0	0	
16	1	0	0	
17	1	0	0	
18	1	0	0	
19	1	0	0	
21	1	0	0	
22	1	0	0	
23	1	0	0	
24	1	0	0	
25	1	0	0	
26	1	0	0	
27	1	0	0	
28	1	0	0	
29	1	0	0	
30	1	0	0	
31	1	0	0	
32	1	0	0	
33	1	0	0	
34	1	0	0	
35	1	0	0	
36	1	0	0	
37	1	0	0	
38	1	0	0	
39	1	0	0	
40	1	0	0	
41	1	0	0	
42	1	0	0	
43	1	0	0	
44	1	0	0	
45	1	0	0	
46	1	0	0	
47	1	0	0	
48	1	0	0	
49	1	0	0	
50	1	0	0	
51	1	0	0	
52	1	0	0	
53	1	0	0	
54	1	0	0	
55	1	0	0	
56	1	0	0	
57	1	0	0	
58	1	0	0	
59	1	0	0	
60	1	0	0	
61	1	0	0	
62	1	0	0	

0x7f3a80007000
0	1	0	0	
1	1	0	0	
2	1	0	0	
3	1	0	0	
4	1	0	0	
5	1	0	0	
6	1	0	0	
7	1	0	0	
8	1	0	0	
9	1	0	0	
10	1	0	0	
11	1	0	0	
12	1	0	0	
13	1	0	0	
14	1	0	0	
15	1	0	0	
16	1	0	0	
17	1	0	0	
18	1	0	0	
19	1	0	0	
20	1	0	0	
21	1	0	0	
23	1	0	0	
24	1	0	0	
28	1	0	0	
30	1	0	0	
32	1	0	0	
33	1	0	0	
34	1	0	0	
35	1	0	0	
36	1	0	0	
37	1	0	0	
38	1	0	0	
39	1	0	0	
40	1	0	0	
41	1	0	0	
42	1	0	0	
43	1	0	0	
44	1	0	0	
45	1	0	0	
46	1	0	0	
47	1	0	0	
48	1	0	0	
49	1	0	0	
50	1	0	0	
51	1	0	0	
52	1	0	0	
53	1	0	0	
54	1	0	0	
55	1	0	0	
56	1	0	0	
57	1	0	0	
58	1	0	0	
59	1	0	0	
60	1	0	0	
61	1	0	0	
62	1	0	0	
63	1	0	0	

0x7f3a80008000
0	1	0	0	
1	1	0	0	
2	1	0	0	
3	1	0	0	
4	1	0	0	
5	1	0	0	
6	1	0	0	
7	1	0	0	
8	1	0	0	
9	1	0	0	
10	1	0	0	
11	1	0	0	
12	1	0	0	
13	1	0	0	
14	1	0	0	
15	1	0	0	
16	1	0	0	
17	1	0	0	
18	1	0	0	
19	1	0	0	
20	1	0	0	
21	1	0	0	
22	1	0	0	
23	1	0	0	
24	1	0	0	
25	1	0	0	
26	1	0	0	
27	1	0	0	
28	1	0	0	
29	1	0	0	
30	1	0	0	
31	1	0	0	
32	1	0	0	
33	1	0	0	
34	1	0	0	
35	1	0	0	
36	1	0	0	
37	1	0	0	
38	1	0	0	
39	1	0	0	
40	1	0	0	
41	1	0	0	
42	1	0	0	
43	1	0	0	
44	1	0	0	
45	1	0	0	
46	1	0	0	
47	1	0	0	
48	1	0	0	
49	1	0	0	
50	1	0	0	
51	1	0	0	
52	1	0	0	
53	1	0	0	
54	1	0	0	
55	1	0	0	
56	1	0	0	
57	1	0	0	
58	1	0	0	
59	1	0	0	
60	1	0	0	
61	1	0	0	
62	1	0	0	
63	1	0	0	

0x7f3a80009000
0	1	0	0	
1	1	0	0	
2	1	0	0	
3	1	0	0	
4	1	0	0	
5	1	0	0	
6	1	0	0	
7	1	0	0	
8	1	0	0	
9	1	0	0	
10	1	0	0	
11	1	0	0	
12	1	0	0	
13	1	0	0	
14	1	0	0	
15	1	0	0	
16	1	0	0	
17	1	0	0	
18	1	0	0	
19	1	0	0	
20	1	0	0	
21	1	0	0	
50	1	0	0	
53	1	0	0	
55	1	0	0	
58	1	0	0	
59	1	0	0	
60	1	0	0	
61	1	0	0	
62	1	0	0	
63	1	0	0	

0x7f3a8000a000
1	1	0	0	
2	1	0	0	
3	1	0	0	
5	1	0	0	
8	1	0	0	
9	1	0	0	
10	1	0	0	
11	1	0	0	
12	1	0	0	
13	1	0	0	
14	1	0	0	
15	1	0	0	
16	1	0	0	
17	1	0	0	
18	1	0	0	
19	1	0	0	
20	1	0	0	
21	1	0	0	
35	1	0	0	
36	1	0	0	
39	1	0	0	
40	1	0	0	
58	1	0	0	
59	1	0	0	

0x7f3a8000b000
0	1	0	0	
1	1	0	0	
2	1	0	0	
3	1	0	0	
4	1	0	0	
5	1	0	0	
6	1	0	0	
8	1	0	0	
9	1	0	0	
11	1	0	0	
13	1	0	0	
14	1	0	0	
15	1	0	0	
16	1	0	0	
17	1	0	0	
18	1	0	0	
19	1	0	0	
20	1	0	0	
21	1	0	0	
22	1	0	0	
23	1	0	0	
24	1	0	0	
25	1	0	0	
26	1	0	0	
30	1	0	0	
31	1	0	0	
35	1	0	0	
36	1	0	0	
37	1	0	0	
38	1	0	0	
39	1	0	0	
40	1	0	0	
41	1	0	0	
42	1	0	0	
43	1	0	0	
44	1	0	0	
45	1	0	0	
46	1	0	0	
47	1	0	0	
48	1	0	0	
49	1	0	0	
50	1	0	0	
51	1	0	0	
52	1	0	0	
53	1	0	0	
54	1	0	0	
55	1	0	0	
63	1	0	0	

0x7f3a8000c000
0	1	0	0	
1	1	0	0	
2	1	0	0	
3	1	0	0	
4	1	0	0	
5	1	0	0	
6	1	0	0	
7	1	0	0	
8	1	0	0	
9	1	0	0	
10	1	0	0	
11	1	0	0	
12	1	0	0	
13	1	0	0	
14	1	0	0	
15	1	0	0	
16	1	0	0	
17	1	0	0	
19	1	0	0	
20	1	0	0	
21	1	0	0	
22	1	0	0	
24	1	0	0	
25	1	0	0	
27	1	0	0	
28	1	0	0	
29	1	0	0	
30	1	0	0	
31	1	0	0	
32	1	0	0	
33	1	0	0	
34	1	0	0	
35	1	0	0	
36	1	0	0	
37	1	0	0	
38	1	0	0	
39	1	0	0	
40	1	0	0	
41	1	0	0	
42	1	0	0	
43	1	0	0	
44	1	0	0	
45	1	0	0	
47	1	0	0	
49	1	0	0	
50	1	0	0	
58	1	0	0	
60	1	0	0	
63	1	0	0	

0x7f3a8000d000
32	1	0	0	
37	1	0	0	
38	1	0	0	
40	1	0	0	
45	1	0	0	
46	1	0	0	
48	1	0	0	
49	1	0	0	
50	1	0	0	
51	1	0	0	
52	1	0	0	
53	1	0	0	
54	1	0	0	
55	1	0	0	
56	1	0	0	
57	1	0	0	
58	1	0	0	
59	1	0	0	
60	1	0	0	
61	1	0	0	
62	1	0	0	
63	1	0	0	

0x7f3a8000e000
0	1	0	0	
1	1	0	0	
5	1	0	0	
7	1	0	0	
10	1	0	0	
13	1	0	0	
15	1	0	0	
16	1	0	0	
17	1	0	0	
18	1	0	0	
19	1	0	0	
20	1	0	0	
21	1	0	0	
22	1	0	0	
23	1	0	0	
24	1	0	0	
25	1	0	0	
26	1	0	0	
27	1	0	0	
28	1	0	0	
29	1	0	0	
30	1	0	0	
31	1	0	0	
32	1	0	0	
33	1	0	0	
34	1	0	0	
35	1	0	0	
36	1	0	0	
37	1	0	0	
38	1	0	0	
39	1	0	0	
40	1	0	0	
41	1	0	0	
42	1	0	0	
43	1	0	0	
44	1	0	0	
45	1	0	0	
46	1	0	0	
47	1	0	0	
48	1	0	0	
49	1	0	0	
50	1	0	0	
51	1	0	0	
52	1	0	0	
53	1	0	0	
54	1	0	0	
55	1	0	0	
56	1	0	0	
57	1	0	0	
58	1	0	0	
59	1	0	0	
60	1	0	0	
61	1	0	0	
62	1	0	0	
63	1	0	0	

0x7f3a8000f000
0	1	0	0	
1	1	0	0	
2	1	0	0	
3	1	0	0	
4	1	0	0	
5	1	0	0	
6	1	0	0	
7	1	0	0	
8	1	0	0	
9	1	0	0	
10	1	0	0	
11	1	0	0	
12	1	0	0	
13	1	0	0	
14	1	0	0	
15	1	0	0	
16	1	0	0	
17	1	0	0	
18	1	0	0	
19	1	0	0	
20	1	0	0	
21	1	0	0	
22	1	0	0	
23	1	0	0	
25	1	0	0	
27	1	0	0	
32	1	0	0	
41	1	0	0	
42	1	0	0	
63	1	0	0	

0x7f3a80010000
2	1	0	0	
3	1	0	0	
4	1	0	0	
6	1	0	0	
7	1	0	0	
8	1	0	0	
9	1	0	0	
10	1	0	0	
11	1	0	0	
20	1	0	0	
21	1	0	0	
22	1	0	0	
23	1	0	0	
31	1	0	0	
32	1	0	0	
33	1	0	0	
34	1	0	0	
35	1	0	0	
36	1	0	0	
37	1	0	0	
38	1	0	0	
39	1	0	0	
40	1	0	0	
41	1	0	0	
42	1	0	0	
43	1	0	0	
44	1	0	0	
45	1	0	0	
46	1	0	0	
47	1	0	0	
49	1	0	0	
50	1	0	0	
51	1	0	0	
52	1	0	0	
53	1	0	0	
54	1	0	0	
55	1	0	0	
56	1	0	0	
57	1	0	0	
58	1	0	0	
59	1	0	0	
60	1	0	0	
61	1	0	0	
62	1	0	0	
63	1	0	0	

0x7f3a80011000
1	1	0	0	
2	1	0	0	
3	1	0	0	
4	1	0	0	
5	1	0	0	
6	1	0	0	
7	1	0	0	
10	1	0	0	
11	1	0	0	
12	1	0	0	
13	1	0	0	
14	1	0	0	
15	1	0	0	
16	1	0	0	
17	1	0	0	
18	1	0	0	
19	1	0	0	
20	1	0	0	
21	1	0	0	
22	1	0	0	
23	1	0	0	
24	1	0	0	
25	1	0	0	
29	1	0	0	
32	1	0	0	
33	1	0	0	
34	1	0	0	
35	1	0	0	
36	1	0	0	
37	1	0	0	
38	1	0	0	
39	1	0	0	
40	1	0	0	
41	1	0	0	
42	1	0	0	
43	1	0	0	
44	1	0	0	
45	1	0	0	
46	1	0	0	
47	1	0	0	
48	1	0	0	
49	1	0	0	
50	1	0	0	
51	1	0	0	
52	1	0	0	
53	1	0	0	
55	1	0	0	
56	1	0	0	
57	1	0	0	
58	1	0	0	
59	1	0	0	
60	1	0	0	
61	1	0	0	
62	1	0	0	
63	1	0	0	

0x7f3a80012000
0	1	0	0	
1	1	0	0	
3	1	0	0	
4	1	0	0	
5	1	0	0	
7	1	0	0	
8	1	0	0	
9	1	0	0	
10	1	0	0	
11	1	0	0	
12	1	0	0	
13	1	0	0	
14	1	0	0	
15	1	0	0	
16	1	0	0	
17	1	0	0	
18	1	0	0	
24	1	0	0	
25	1	0	0	
27	1	0	0	

0x7f3a88001000
1	1	0	0	
3	1	0	0	
4	1	0	0	
5	1	0	0	
6	1	0	0	
7	1	0	0	
8	1	0	0	
10	1	0	0	
11	1	0	0	
12	1	0	0	
13	1	0	0	
14	1	0	0	
15	1	0	0	
16	1	0	0	
17	1	0	0	
18	1	0	0	
19	1	0	0	
20	1	0	0	
21	1	0	0	
22	1	0	0	
26	1	0	0	
28	1	0	0	
31	1	0	0	
32	1	0	0	
33	1	0	0	
34	1	0	0	
35	1	0	0	
36	1	0	0	
37	1	0	0	
38	1	0	0	
39	1	0	0	
40	1	0	0	
42	1	0	0	
43	1	0	0	
46	1	0	0	
59	1	0	0	
60	1	0	0	
61	1	0	0	
62	1	0	0	

0x7f3a88002000
1	1	0	0	
2	1	0	0	
3	1	0	0	
4	1	0	0	
5	1	0	0	
6	1	0	0	
8	1	0	0	
9	1	0	0	
15	1	0	0	
16	1	0	0	
18	1	0	0	
20	1	0	0	
21	1	0	0	
22	1	0	0	
23	1	0	0	
24	1	0	0	
25	1	0	0	
26	1	0	0	
27	1	0	0	
29	1	0	0	
30	1	0	0	
31	1	0	0	
32	1	0	0	
33	1	0	0	
34	1	0	0	
36	1	0	0	
37	1	0	0	
38	1	0	0	
39	1	0	0	
40	1	0	0	
42	1	0	0	
43	1	0	0	
45	1	0	0	
46	1	0	0	
47	1	0	0	
48	1	0	0	
49	1	0	0	
50	1	0	0	
51	1	0	0	
52	1	0	0	
53	1	0	0	
54	1	0	0	
55	1	0	0	
56	1	0	0	
57	1	0	0	
58	1	0	0	
59	1	0	0	
60	1	0	0	
61	1	0	0	
62	1	0	0	
63	1	0	0	

0x7f3a88003000
1	1	0	0	
2	1	0	0	
4	1	0	0	
13	1	0	0	
14	1	0	0	
17	1	0	0	
19	1	0	0	
20	1	0	0	
21	1	0	0	
25	1	0	0	
28	1	0	0	
30	1	0	0	
31	1	0	0	
33	1	0	0	
35	1	0	0	
36	1	0	0	
37	1	0	0	
38	1	0	0	
39	1	0	0	
40	1	0	0	
41	1	0	0	
42	1	0	0	
43	1	0	0	
44	1	0	0	
45	1	0	0	
46	1	0	0	
47	1	0	0	
48	1	0	0	
50	1	0	0	
51	1	0	0	
57	1	0	0	
58	1	0	0	
59	1	0	0	
60	1	0	0	
61	1	0	0	
62	1	0	0	

0x7f3a88004000
2	1	0	0	
3	1	0	0	
4	1	0	0	
5	1	0	0	
7	1	0	0	
9	1	0	0	
10	1	0	0	
11	1	0	0	
12	1	0	0	
13	1	0	0	
14	1	0	0	
15	1	0	0	
16	1	0	0	
17	1	0	0	
18	1	0	0	
19	1	0	0	
20	1	0	0	
22	1	0	0	
23	1	0	0	
24	1	0	0	
25	1	0	0	
26	1	0	0	
27	1	0	0	
28	1	0	0	
30	1	0	0	
31	1	0	0	
32	1	0	0	
33	1	0	0	
34	1	0	0	
35	1	0	0	
37	1	0	0	
38	1	0	0	
39	1	0	0	
40	1	0	0	
41	1	0	0	
42	1	0	0	
43	1	0	0	
44	1	0	0	
45	1	0	0	
46	1	0	0	
47	1	0	0	
48	1	0	0	
49	1	0	0	
52	1	0	0	
53	1	0	0	
54	1	0	0	
55	1	0	0	
56	1	0	0	
59	1	0	0	
60	1	0	0	
61	1	0	0	
62	1	0	0	
63	1	0	0	

0x7f3a88005000
0	1	0	0	
1	1	0	0	
2	1	0	0	
5	1	0	0	
6	1	0	0	
7	1	0	0	
8	1	0	0	
10	1	0	0	
11	1	0	0	
12	1	0	0	
13	1	0	0	
14	1	0	0	
15	1	0	0	
20	1	0	0	
21	1	0	0	
23	1	0	0	
26	1	0	0	
27	1	0	0	
29	1	0	0	
31	1	0	0	
32	1	0	0	
35	1	0	0	
36	1	0	0	
37	1	0	0	
39	1	0	0	
40	1	0	0	
44	1	0	0	
45	1	0	0	
46	1	0	0	
48	1	0	0	
50	1	0	0	
51	1	0	0	
52	1	0	0	
53	1	0	0	
54	1	0	0	
61	1	0	0	

0x7f3a88006000
0	1	0	0	
1	1	0	0	
2	1	0	0	
16	1	0	0	
17	1	0	0	
18	1	0	0	
19	1	0	0	
25	1	0	0	
26	1	0	0	
27	1	0	0	
31	1	0	0	
32	1	0	0	
33	1	0	0	
34	1	0	0	
35	1	0	0	
36	1	0	0	
37	1	0	0	
38	1	0	0	
39	1	0	0	
40	1	0	0	
41	1	0	0	
42	1	0	0	
43	1	0	0	
44	1	0	0	
45	1	0	0	
46	1	0	0	
47	1	0	0	
48	1	0	0	
49	1	0	0	
50	1	0	0	
51	1	0	0	
52	1	0	0	
53	1	0	0	
54	1	0	0	
55	1	0	0	
56	1	0	0	
57	1	0	0	
58	1	0	0	
59	1	0	0	
60	1	0	0	
61	1	0	0	
63	1	0	0	

0x7f3a88007000
17	1	0	0	
18	1	0	0	
19	1	0	0	
23	1	0	0	
24	1	0	0	
29	1	0	0	
30	1	0	0	
40	1	0	0	
41	1	0	0	
42	1	0	0	
43	1	0	0	
44	1	0	0	
62	1	0	0	

0x7f3a88008000
13	1	0	0	
16	1	0	0	
17	1	0	0	
18	1	0	0	
20	1	0	0	
21	1	0	0	
22	1	0	0	
23	1	0	0	
24	1	0	0	
25	1	0	0	
30	1	0	0	
31	1	0	0	
34	1	0	0	
35	1	0	0	
36	1	0	0	
37	1	0	0	
38	1	0	0	
41	1	0	0	
42	1	0	0	
43	1	0	0	
45	1	0	0	
46	1	0	0	
47	1	0	0	
48	1	0	0	
50	1	0	0	
51	1	0	0	
52	1	0	0	
53	1	0	0	
54	1	0	0	
55	1	0	0	
56	1	0	0	
57	1	0	0	
58	1	0	0	
59	1	0	0	
60	1	0	0	
61	1	0	0	
62	1	0	0	

0x7f3a88009000
0	1	0	0	
1	1	0	0	
2	1	0	0	
3	1	0	0	
4	1	0	0	
5	1	0	0	
6	1	0	0	
9	1	0	0	
10	1	0	0	
11	1	0	0	
12	1	0	0	
15	1	0	0	
16	1	0	0	
17	1	0	0	
18	1	0	0	
19	1	0	0	
20	1	0	0	
21	1	0	0	
33	1	0	0	
35	1	0	0	
36	1	0	0	
37	1	0	0	
45	1	0	0	
46	1	0	0	
50	1	0	0	
55	1	0	0	
58	1	0	0	
59	1	0	0	
60	1	0	0	
61	1	0	0	
63	1	0	0	

0x7f3a8800a000
1	1	0	0	
2	1	0	0	
5	1	0	0	
8	1	0	0	
9	1	0	0	
14	1	0	0	
15	1	0	0	
19	1	0	0	
20	1	0	0	
37	1	0	0	

0x7f3a8800b000
3	1	0	0	
4	1	0	0	
6	1	0	0	
8	1	0	0	
9	1	0	0	
14	1	0	0	
15	1	0	0	
16	1	0	0	
17	1	0	0	
18	1	0	0	
19	1	0	0	
20	1	0	0	
21	1	0	0	
30	1	0	0	
31	1	0	0	
32	1	0	0	
33	1	0	0	
34	1	0	0	
35	1	0	0	
36	1	0	0	
37	1	0	0	
38	1	0	0	
39	1	0	0	
40	1	0	0	
41	1	0	0	
42	1	0	0	
43	1	0	0	
44	1	0	0	
45	1	0	0	
46	1	0	0	
47	1	0	0	
48	1	0	0	
49	1	0	0	
50	1	0	0	
51	1	0	0	
52	1	0	0	
53	1	0	0	
54	1	0	0	
55	1	0	0	
56	1	0	0	
57	1	0	0	
58	1	0	0	
59	1	0	0	
60	1	0	0	
61	1	0	0	
62	1	0	0	
63	1	0	0	

0x7f3a8800c000
0	1	0	0	
1	1	0	0	
2	1	0	0	
3	1	0	0	
4	1	0	0	
5	1	0	0	
6	1	0	0	
7	1	0	0	
9	1	0	0	
10	1	0	0	
12	1	0	0	
15	1	0	0	
18	1	0	0	
19	1	0	0	
20	1	0	0	
21	1	0	0	
25	1	0	0	
27	1	0	0	
28	1	0	0	
41	1	0	0	
63	1	0	0	

0x7f3a8800d000
23	1	0	0	
40	1	0	0	
41	1	0	0	
43	1	0	0	
58	1	0	0	
60	1	0	0	
61	1	0	0	

0x7f3a8800e000
5	1	0	0	
19	1	0	0	
30	1	0	0	
34	1	0	0	
37	1	0	0	
41	1	0	0	
42	1	0	0	
43	1	0	0	
44	1	0	0	
46	1	0	0	
47	1	0	0	
48	1	0	0	
49	1	0	0	
50	1	0	0	
51	1	0	0	
53	1	0	0	
54	1	0	0	
55	1	0	0	
56	1	0	0	
57	1	0	0	
58	1	0	0	
60	1	0	0	

0x7f3a8800f000
7	1	0	0	
8	1	0	0	
9	1	0	0	
10	1	0	0	
11	1	0	0	
14	1	0	0	

0x7f3a88010000
3	1	0	0	
6	1	0	0	
32	1	0	0	
44	1	0	0	
49	1	0	0	
51	1	0	0	
55	1	0	0	
56	1	0	0	
58	1	0	0	
62	1	0	0	
63	1	0	0	

0x7f3a88011000
3	1	0	0	
4	1	0	0	
7	1	0	0	
12	1	0	0	
18	1	0	0	
21	1	0	0	
22	1	0	0	
34	1	0	0	
37	1	0	0	
38	1	0	0	
39	1	0	0	
40	1	0	0	
41	1	0	0	
42	1	0	0	
43	1	0	0	
44	1	0	0	
45	1	0	0	
46	1	0	0	
47	1	0	0	
48	1	0	0	
49	1	0	0	
50	1	0	0	
51	1	0	0	
54	1	0	0	
61	1	0	0	
62	1	0	0	
63	1	0	0	

0x7f3a88012000
3	1	0	0	
4	1	0	0	
5	1	0	0	
7	1	0	0	
8	1	0	0	
11	1	0	0	
13	1	0	0	
14	1	0	0	
15	1	0	0	
27	1	0	0	

0x7f3a8f521000
29	1	0	0	

0x7f3a9284a000
29	1	0	0	

0x7f3a96fa3000
3	49	0	0	0	0	0	0	0	0	0	0	0	0	0	0	0	0	0	0	0	0	0	0	0	0	0	0	0	0	0	0	0	0	0	0	0	0	0	0	0	0	0	0	0	0	0	0	0	0	0	0	

0x7f3a96fcf000
52	49	0	0	0	0	0	0	0	0	0	0	0	0	0	0	0	0	0	0	0	0	0	0	0	0	0	0	0	0	0	0	0	0	0	0	0	0	0	0	0	0	0	0	0	0	0	0	0	0	0	0	
56	42	0	0	0	0	0	0	0	0	0	0	0	0	0	0	0	0	0	0	0	0	0	0	0	0	0	0	0	0	0	0	0	0	0	0	0	0	0	0	0	0	0	0	0	
57	50	0	0	0	0	0	0	0	0	0	0	0	0	0	0	0	0	0	0	0	0	0	0	0	0	0	0	0	0	0	0	0	0	0	0	0	0	0	0	0	0	0	0	0	0	0	0	0	0	0	0	0	
58	50	0	0	0	0	0	0	0	0	0	0	0	0	0	0	0	0	0	0	0	0	0	0	0	0	0	0	0	0	0	0	0	0	0	0	0	0	0	0	0	0	0	0	0	0	0	0	0	0	0	0	0	
59	49	0	0	0	0	0	0	0	0	0	0	0	0	0	0	0	0	0	0	0	0	0	0	0	0	0	0	0	0	0	0	0	0	0	0	0	0	0	0	0	0	0	0	0	0	0	0	0	0	0	0	
60	50	0	0	0	0	0	0	0	0	0	0	0	0	0	0	0	0	0	0	0	0	0	0	0	0	0	0	0	0	0	0	0	0	0	0	0	0	0	0	0	0	0	0	0	0	0	0	0	0	0	0	0	

0x7f3a96fd4000
36	8	0	0	0	0	0	0	0	0	0	
39	9	0	0	0	0	0	0	0	0	0	0	
44	9	0	0	0	0	0	0	0	0	0	0	
45	9	0	0	0	0	0	0	0	0	0	0	

0x7f3a96fd5000
3	8	0	0	0	0	0	0	0	0	0	
5	8	0	0	0	0	0	0	0	0	0	
50	7	0	0	0	0	0	0	0	0	

0x7f3a972f3000
4	1	0	0	
7	1	0	0	
13	1	0	0	

0x7f3a972f4000
17	1	0	0	

0x7f3a975e6000
26	1	0	0	
27	1	0	0	
28	1	0	0	
30	1	0	0	
34	1	0	0	
38	1	0	0	
39	1	0	0	
40	1	0	0	
42	1	0	0	
44	1	0	0	
45	1	0	0	
46	1	0	0	

0x7f3aaab07000
51	50	0	0	0	0	0	0	0	0	0	0	0	0	0	0	0	0	0	0	0	0	0	0	0	0	0	0	0	0	0	0	0	0	0	0	0	0	0	0	0	0	0	0	0	0	0	0	0	0	0	0	0	
52	1	0	0	

0x7f3aaab08000
2	1	0	0	
3	1	0	0	
39	1	0	0	
54	1	0	0	
55	1	0	0	

0x7f3aaab09000
7	1	0	0	
8	1	0	0	
11	1	0	0	
13	1	0	0	
14	1	0	0	
16	1	0	0	
18	1	0	0	
19	1	0	0	
20	1	0	0	
21	1	0	0	
29	1	0	0	
46	1	0	0	

0x7fffd55ac000
40	1	0	0	
42	1	0	0	
49	1	0	0	

0x7fffd55ad000
6	1	0	0	
10	1	0	0	
11	1	0	0	
14	1	0	0	
15	51	0	0	0	0	0	0	0	0	0	0	0	0	0	0	0	0	0	0	0	0	0	0	0	0	0	0	0	0	0	0	0	0	0	0	0	0	0	0	0	0	0	0	0	0	0	0	0	0	0	0	0	0	
16	48	0	0	0	0	0	0	0	0	0	0	0	0	0	0	0	0	0	0	0	0	0	0	0	0	0	0	0	0	0	0	0	0	0	0	0	0	0	0	0	0	0	0	0	0	0	0	0	0	0	
17	48	0	0	0	0	0	0	0	0	0	0	0	0	0	0	0	0	0	0	0	0	0	0	0	0	0	0	0	0	0	0	0	0	0	0	0	0	0	0	0	0	0	0	0	0	0	0	0	0	0	
18	1	0	0	
19	1	0	0	
20	1	0	0	
21	1	0	0	
22	1	0	0	
23	1	0	0	
24	1	0	0	
25	1	0	0	
26	1	0	0	
32	1	0	0	
33	50	0	0	0	0	0	0	0	0	0	0	0	0	0	0	0	0	0	0	0	0	0	0	0	0	0	0	0	0	0	0	0	0	0	0	0	0	0	0	0	0	0	0	0	0	0	0	0	0	0	0	0	
34	1	0	0	
35	50	0	0	0	0	0	0	0	0	0	0	0	0	0	0	0	0	0	0	0	0	0	0	0	0	0	0	0	0	0	0	0	0	0	0	0	0	0	0	0	0	0	0	0	0	0	0	0	0	0	0	0	
36	1	0	0	
39	1	0	0	

0x7fffd55ae000
19	2	0	0	0	
21	1	0	0	

0x7fffd55fe000
5	1	0	0	
7	1	0	0	
8	1	0	0	
9	1	0	0	
11	1	0	0	

