0x401000
61	0	
62	0	
63	0	

0x603000
0	0	
1	0	
2	0	
3	0	

0x7f15ec511000

0x7f15ee725000

0x7f1607faa000
0	0	
3	0	
37	0	
38	0	
44	0	
52	0	
54	0	
55	0	
56	0	

0x7fff0f32f000
27	0	
28	0	
29	0	
30	0	
31	0	
32	0	
33	0	
34	0	
35	0	
36	0	
60	0	
61	0	
62	0	
63	0	

0x7fff0f330000
0	0	
1	0	
2	0	
3	0	
4	0	

0x7fff0f331000
19	0	0	
21	0	
23	0	
24	0	
26	0	
27	0	0	
29	0	
49	0	
50	0	
55	0	
56	0	
57	0	
58	0	
59	0	
60	0	
61	0	
62	0	

0x7fff0f3fe000
0	0	
1	0	
2	0	
3	0	
4	0	
5	0	
7	0	
8	0	
9	0	
10	0	
11	0	
12	0	
19	0	
20	0	
21	0	

