32,4,800,10000,144976.09,142567.80,2408.29,20.08800,2412.66
32,4,800,10000,28547.35,25959.92,2587.42,18.72500,5764.25
512,4,3200,10000,0.00,0.00,0.00,66.04900,0.00
1024,4,3200,10000,0.00,0.00,0.00,67.71800,0.00
128,4,400,10000,29079.84,26444.15,2635.69,9.25800,27635.28
16384,4,800,10000,113537.51,111480.13,2057.38,21.42400,9503.53
1024,4,100,10000,238448.12,234487.10,3961.02,1.51500,244672.54
32768,4,400,10000,40287.67,39070.98,1216.69,13.40800,19906.35
512,4,800,10000,134472.61,132035.87,2436.74,19.65500,9859.06
32768,4,200,10000,10342.10,9404.73,937.37,6.95000,10125.38
128,4,1600,10000,70135.94,68017.84,2118.11,42.95800,2837.58
65536,4,50,10000,164102.36,161376.35,2726.01,0.93400,169523.43
1024,4,200,10000,170890.19,167793.54,3096.65,3.90900,67540.70
65536,4,1600,10000,94861.87,93286.06,1575.81,51.42200,2246.27
32,4,800,10000,15415.91,12855.07,2560.84,18.76500,13493.26
32768,4,200,10000,110777.37,108770.01,2007.37,4.97200,44812.75
16384,4,3200,10000,0.00,0.00,0.00,85.78300,0.00
512,4,200,10000,35980.53,32719.39,3261.14,3.72300,34203.32
1024,4,50,10000,261162.89,256430.43,4732.46,0.69900,267535.11
4096,4,1600,10000,12908.23,10763.96,2144.27,45.12000,1934.85
128,4,3200,10000,0.00,0.00,0.00,73.26400,0.00
1024,4,200,10000,18859.98,15727.02,3132.96,3.88200,16507.79
128,4,1600,10000,111588.55,109566.48,2022.07,47.89300,192.23
4096,4,200,10000,165601.42,162600.60,3000.82,4.06900,65542.37
16384,4,100,10000,152256.82,149497.81,2759.00,1.99300,156437.79
32768,4,800,10000,38127.78,36976.32,1151.46,28.07400,8560.40
4096,4,400,10000,13352.71,11134.60,2218.11,10.60100,11687.38
32,4,50,10000,48104.82,43744.78,4360.04,0.69300,47559.59
128,4,800,10000,133714.65,131291.65,2423.01,19.94100,10746.52
32768,4,3200,10000,0.00,0.00,0.00,97.83700,0.00
65536,4,400,10000,6174.20,5614.59,559.61,16.07200,6222.71
128,4,50,10000,244241.51,239815.67,4425.83,0.68300,250133.88
1024,4,400,10000,83954.17,81418.75,2535.42,9.57200,40961.61
1024,4,200,10000,196646.78,193380.15,3266.63,3.72200,88359.18
32,4,100,10000,26219.81,21864.27,4355.55,1.44900,22949.72
512,4,800,10000,143837.13,141447.76,2389.37,20.21000,2401.13
1024,4,3200,10000,0.00,0.00,0.00,72.91000,0.00
128,4,400,10000,152393.28,149861.78,2531.51,9.55200,24511.82
65536,4,1600,10000,2951.95,2461.58,490.37,67.72700,455.52
1024,4,50,10000,47599.84,43285.57,4314.27,0.70000,45273.74
16384,4,3200,10000,0.00,0.00,0.00,73.71400,0.00
1024,4,800,10000,132163.92,129769.02,2394.91,20.16400,10658.13
4096,4,3200,10000,0.00,0.00,0.00,75.77300,0.00
32,4,50,10000,144852.86,140478.31,4374.56,0.68900,150298.34
4096,4,400,10000,77332.74,74997.29,2335.45,10.45300,37746.48
32768,4,1600,10000,9451.90,8595.22,856.69,60.70800,1817.58
4096,4,50,10000,230507.90,226330.93,4176.97,0.71000,236256.72
128,4,50,10000,142587.45,138281.31,4306.14,0.70100,144299.14
32768,4,100,10000,167161.85,164385.01,2776.84,1.96200,172095.51
128,4,50,10000,47734.19,43407.74,4326.45,0.69200,45362.96
512,4,200,10000,184980.41,181907.58,3072.83,3.95400,83106.94
16384,4,800,10000,132730.16,130525.29,2204.87,20.83700,2442.08
4096,4,100,10000,115096.45,111620.54,3475.91,1.81200,116522.82
16384,4,100,10000,15965.85,14518.76,1447.08,2.83900,15362.94
32,4,3200,10000,0.00,0.00,0.00,72.97500,0.00
65536,4,100,10000,92455.73,90780.37,1675.36,2.66800,96459.16
512,4,400,10000,29213.56,26565.75,2647.81,9.18800,27770.59
16384,4,400,10000,53281.93,51672.82,1609.11,12.10300,26071.10
16384,4,50,10000,181029.03,177748.66,3280.38,0.84700,186000.09
512,4,1600,10000,119713.00,117543.71,2169.29,42.33100,3723.49
128,4,1600,10000,120546.03,118543.56,2002.47,48.36300,2007.35
32,4,400,10000,158330.37,155700.24,2630.13,9.19200,25465.12
32768,4,1600,10000,37601.87,36466.29,1135.58,50.36100,4850.05
65536,4,3200,10000,0.00,0.00,0.00,108.99600,0.00
32,4,800,10000,81284.00,78829.22,2454.78,19.59800,20255.17
4096,4,800,10000,130249.65,127889.43,2360.22,20.37000,10574.14
16384,4,1600,10000,7347.50,6126.96,1220.54,51.53000,896.88
65536,4,100,10000,131362.20,129180.06,2182.14,2.27000,135701.71
16384,4,800,10000,52860.51,51264.12,1596.39,24.39200,12007.83
16384,4,50,10000,9584.54,7992.39,1592.15,1.29400,8389.17
128,4,1600,10000,12339.90,10290.03,2049.86,46.42000,1724.09
4096,4,800,10000,23797.99,21641.03,2156.96,22.04500,3962.05
4096,4,100,10000,17986.85,14998.94,2987.91,2.01000,15743.56
512,4,200,10000,103991.61,100851.06,3140.55,3.89200,105243.92
4096,4,1600,10000,23663.43,21518.67,2144.76,44.94600,3939.65
128,4,50,10000,261099.04,256761.75,4337.29,0.68600,267889.58
512,4,50,10000,140720.32,136470.57,4249.75,0.69800,142414.93
128,4,200,10000,36680.58,33355.99,3324.59,3.66200,34858.45
128,4,400,10000,16440.86,13709.76,2731.10,8.94300,14390.38
65536,4,400,10000,3166.89,2640.82,526.07,15.70500,2771.92
1024,4,1600,10000,77062.58,74735.29,2327.29,39.17200,3132.29
32,4,400,10000,84702.17,82144.16,2558.01,9.45700,43478.06
512,4,400,10000,152310.73,149780.59,2530.13,9.55100,24504.82
128,4,800,10000,147989.87,145531.51,2458.36,19.65700,2464.35
128,4,3200,10000,0.00,0.00,0.00,73.23800,0.00
65536,4,100,10000,3277.85,2733.35,544.51,3.88000,2869.04
32768,4,1600,10000,91080.73,89430.28,1650.45,45.85300,574.56
65536,4,200,10000,114377.59,112477.59,1900.00,5.31500,52185.94
4096,4,50,10000,127725.76,123868.45,3857.32,0.77200,129308.64
1024,4,800,10000,79127.03,76737.39,2389.64,20.25700,17863.75
32768,4,50,10000,11832.65,10760.18,1072.47,1.51600,11584.70
512,4,400,10000,83690.81,81163.35,2527.46,9.57200,40820.56
512,4,800,10000,80897.36,78454.26,2443.10,19.77200,18251.28
65536,4,50,10000,3631.41,3028.17,603.24,1.81600,3178.51
32768,4,3200,10000,0.00,0.00,0.00,77.00700,0.00
1024,4,800,10000,144194.06,141798.75,2395.30,20.15900,2415.04
65536,4,50,10000,32542.19,31559.42,982.77,1.56700,33349.01
16384,4,200,10000,149116.81,146639.73,2477.08,4.61500,67248.65
32,4,100,10000,139576.84,135361.62,4215.22,1.44600,144823.97
4096,4,200,10000,91116.66,88364.93,2751.72,4.42800,92245.84
32768,4,1600,10000,4884.76,4073.32,811.44,60.60900,753.78
32,4,50,10000,260520.82,256193.14,4327.68,0.69100,267293.60
32,4,50,10000,26298.40,21929.80,4368.60,0.69000,23018.50
512,4,100,10000,26109.29,21772.10,4337.19,1.49000,22852.98
65536,4,1600,10000,72645.64,71329.25,1316.39,54.60800,1518.18
16384,4,200,10000,130399.24,128036.31,2362.93,4.67700,51936.62
4096,4,200,10000,26884.62,24447.90,2436.72,4.91200,25627.32
65536,4,1600,10000,5833.64,5304.90,528.74,57.60900,482.92
128,4,200,10000,20890.12,17419.93,3470.20,3.49600,18284.74
65536,4,50,10000,7277.11,6617.54,659.57,1.78400,7334.28
32,4,3200,10000,0.00,0.00,0.00,73.00900,0.00
128,4,800,10000,27490.63,24998.98,2491.65,19.31700,4333.41
16384,4,200,10000,54382.23,52739.88,1642.34,5.90000,55121.43
128,4,100,10000,242886.24,238851.50,4034.74,1.49500,249203.11
4096,4,200,10000,182846.22,179808.84,3037.38,3.91300,82218.53
65536,4,400,10000,107950.47,106157.23,1793.24,11.29500,18121.96
65536,4,400,10000,27033.11,26216.71,816.40,14.88100,13530.21
32,4,100,10000,226537.02,222432.00,4105.01,1.49600,237217.00
32768,4,100,10000,11106.41,10099.77,1006.64,3.25400,10873.67
1024,4,1600,10000,124707.25,122635.66,2071.59,45.37500,7348.15
65536,4,100,10000,6490.12,5901.88,588.24,3.81600,6541.11
65536,4,100,10000,28392.39,27534.94,857.45,3.51000,29096.33
32,4,200,10000,20852.04,17388.17,3463.87,3.49800,18251.40
65536,4,1600,10000,25393.37,24626.49,766.88,57.66800,551.39
4096,4,800,10000,74671.41,72416.34,2255.08,21.57400,16872.81
512,4,3200,10000,0.00,0.00,0.00,65.73300,0.00
16384,4,100,10000,7972.91,6648.47,1324.43,3.04800,6978.54
4096,4,3200,10000,0.00,0.00,0.00,72.93200,0.00
32,4,400,10000,30091.27,27363.91,2727.36,8.86900,29750.20
128,4,400,10000,86455.08,83844.14,2610.94,9.28300,42165.57
4096,4,400,10000,24730.34,22488.87,2241.46,10.64800,23573.78
512,4,1600,10000,26380.58,23989.54,2391.04,41.15000,4322.71
128,4,100,10000,25345.03,21134.80,4210.23,1.43200,22184.04
32,4,400,10000,17131.49,14285.67,2845.83,8.53400,14994.88
65536,4,3200,10000,0.00,0.00,0.00,83.01400,0.00
1024,4,800,10000,26269.99,23888.98,2381.01,20.29800,4318.40
16384,4,400,10000,7701.75,6422.36,1279.39,12.73500,6741.19
16384,4,50,10000,226429.90,222668.52,3761.38,0.77300,232714.27
4096,4,100,10000,206023.83,202290.53,3733.30,1.61400,211162.02
128,4,100,10000,47275.65,42990.76,4284.89,1.43900,44927.20
16384,4,200,10000,7819.94,6520.92,1299.02,6.27400,6844.65
128,4,3200,10000,0.00,0.00,0.00,72.89400,0.00
4096,4,1600,10000,73683.47,71458.23,2225.24,44.05400,6991.73
1024,4,800,10000,14651.99,12218.05,2433.94,19.75300,12824.62
32,4,3200,10000,0.00,0.00,0.00,72.74700,0.00
65536,4,50,10000,113109.19,111059.57,2049.62,1.10900,118006.93
128,4,3200,10000,124088.54,122027.22,2061.32,73.38400,1350.63
32,4,1600,10000,110577.63,108573.88,2003.75,48.25600,2735.92
16384,4,50,10000,71831.54,69662.22,2169.31,1.11200,72807.93
1024,4,100,10000,23992.38,20006.85,3985.53,1.55000,21000.09
65536,4,3200,10000,0.00,0.00,0.00,102.72000,0.00
1024,4,50,10000,141730.67,137450.40,4280.27,0.70400,143458.70
512,4,200,10000,180139.25,176874.99,3264.25,3.74900,71161.04
4096,4,800,10000,13069.60,10898.52,2171.08,21.95400,11439.58
32768,4,50,10000,155533.23,152714.86,2818.37,0.91300,160774.79
1024,4,400,10000,27770.45,25253.44,2517.01,9.59800,26413.37
128,4,800,10000,15003.20,12510.92,2492.28,19.39600,13132.02
32768,4,1600,10000,107915.66,106123.00,1792.66,48.98400,2175.47
32768,4,400,10000,10136.26,9217.55,918.71,14.17600,9923.85
16384,4,400,10000,116604.19,114491.24,2112.95,10.41300,9760.22
32768,4,50,10000,6376.99,5317.66,1059.32,1.48400,5581.66
512,4,50,10000,46534.49,42316.78,4217.71,0.71500,44235.98
16384,4,400,10000,136609.92,134340.60,2269.32,10.09000,22211.74
16384,4,800,10000,14342.76,13042.79,1299.97,25.56100,2517.03
32768,4,800,10000,9680.44,8803.04,877.40,29.53300,1861.53
32768,4,200,10000,5279.50,4402.49,877.01,7.03900,4621.05
16384,4,1600,10000,102562.62,100704.11,1858.51,47.90900,518.71
16384,4,100,10000,193076.69,189869.37,3207.32,1.79400,198435.37
65536,4,200,10000,3271.50,2728.05,543.45,7.78100,2863.48
65536,4,3200,10000,0.00,0.00,0.00,77.37600,0.00
32768,4,100,10000,129958.22,127603.28,2354.94,2.18500,134337.89
32,4,200,10000,188143.47,185018.10,3125.38,3.90000,84518.30
512,4,100,10000,43703.04,39741.96,3961.08,1.53000,41544.38
512,4,400,10000,15654.95,13054.41,2600.55,9.32800,13702.49
128,4,100,10000,222158.86,218133.18,4025.68,1.50800,227518.48
32,4,200,10000,166083.35,163073.80,3009.55,4.01400,69418.48
1024,4,200,10000,101325.59,98265.56,3060.03,3.97500,102560.99
512,4,3200,10000,0.00,0.00,0.00,65.05600,0.00
512,4,1600,10000,14703.95,12261.38,2442.57,38.51600,1873.84
32,4,50,10000,242028.29,237642.56,4385.73,0.68000,253438.60
16384,4,50,10000,17689.51,16086.20,1603.31,1.31600,17021.51
128,4,200,10000,170377.70,167290.33,3087.37,3.96900,67291.44
65536,4,200,10000,27907.15,27064.35,842.80,7.19100,28599.05
1024,4,50,10000,25888.57,21588.05,4300.52,0.70000,22659.79
32768,4,400,10000,5317.91,4434.52,883.39,14.00800,4654.67
4096,4,400,10000,135935.32,133472.07,2463.25,9.76300,11035.72
32,4,1600,10000,12211.03,10182.57,2028.45,48.12600,1884.33
512,4,200,10000,20309.46,16935.72,3373.74,3.59900,17776.50
1024,4,400,10000,142693.20,140107.49,2585.70,9.37700,11507.42
1024,4,200,10000,34452.99,31330.30,3122.69,3.88100,32769.34
1024,4,400,10000,155658.90,153073.15,2585.75,9.35500,25052.08
1024,4,3200,10000,0.00,0.00,0.00,66.40300,0.00
128,4,3200,10000,0.00,0.00,0.00,73.11200,0.00
4096,4,1600,10000,123953.02,121893.96,2059.07,46.37200,231.82
32,4,800,10000,134787.47,132345.03,2442.45,19.74300,13935.46
1024,4,100,10000,126853.67,123022.69,3830.98,1.55400,128400.32
512,4,3200,10000,125929.72,123837.82,2091.90,72.13200,1375.87
32768,4,3200,10000,0.00,0.00,0.00,98.28300,0.00
1024,4,3200,10000,0.00,0.00,0.00,66.52200,0.00
4096,4,3200,10000,0.00,0.00,0.00,72.26400,0.00
16384,4,3200,10000,0.00,0.00,0.00,85.72000,0.00
128,4,200,10000,199592.08,196276.52,3315.56,3.69500,89663.35
4096,4,400,10000,149628.29,147142.72,2485.57,9.68700,24130.88
1024,4,1600,10000,14166.76,11813.43,2353.33,42.07200,2186.12
32768,4,400,10000,102070.68,100221.08,1849.59,11.06300,9180.69
4096,4,100,10000,243554.94,239509.09,4045.85,1.55700,249993.05
32768,4,3200,10000,0.00,0.00,0.00,90.30700,0.00
32768,4,800,10000,4995.91,4166.01,829.90,26.36800,4372.83
16384,4,1600,10000,117360.78,115411.22,1949.56,44.83000,4141.64
65536,4,200,10000,6406.02,5825.40,580.62,7.70400,6456.34
65536,4,3200,10000,0.00,0.00,0.00,107.84000,0.00
65536,4,800,10000,80929.70,79463.20,1466.50,21.54100,11641.18
1024,4,100,10000,43465.96,39526.37,3939.59,1.55100,41341.87
4096,4,50,10000,257562.17,253283.63,4278.54,0.70400,264370.54
512,4,50,10000,240666.28,236305.23,4361.05,0.68300,246491.43
1024,4,3200,10000,0.00,0.00,0.00,72.42600,0.00
512,4,100,10000,243807.93,239757.87,4050.05,1.48900,250158.82
32,4,200,10000,40428.84,36764.52,3664.32,3.33200,39970.61
16384,4,200,10000,14538.54,13220.82,1317.72,6.37600,13989.53
32768,4,200,10000,141873.76,139517.00,2356.76,4.58900,64231.90
512,4,1600,10000,78214.37,75852.30,2362.07,40.94400,7394.26
4096,4,800,10000,143481.46,141097.99,2383.47,20.20800,2450.46
32,4,1600,10000,68485.38,66417.12,2068.26,46.76300,8224.35
512,4,100,10000,131341.95,127375.43,3966.53,1.50600,132923.62
32768,4,400,10000,127095.35,124984.09,2111.26,10.37500,20888.45
32768,4,50,10000,208525.41,205061.46,3463.95,0.80200,214679.89
32768,4,200,10000,41075.58,39835.09,1240.48,6.53200,41831.09
65536,4,800,10000,5968.17,5427.23,540.93,32.70600,1319.62
32,4,3200,10000,0.00,0.00,0.00,73.88700,0.00
128,4,100,10000,137993.85,133826.43,4167.41,1.51200,139650.39
32768,4,800,10000,121242.97,119228.92,2014.05,21.64400,2444.14
16384,4,400,10000,14747.49,13410.84,1336.66,12.52500,14190.59
32,4,1600,10000,149352.25,146871.27,2480.99,32.86600,432.19
512,4,50,10000,264256.36,259866.62,4389.74,0.68200,271139.91
4096,4,50,10000,21044.96,17549.05,3495.92,0.85500,18420.27
32768,4,800,10000,98468.50,96684.18,1784.32,22.81000,8856.70
16384,4,3200,10000,0.00,0.00,0.00,80.70000,0.00
1024,4,400,10000,15321.50,12776.34,2545.15,9.47200,13410.62
1024,4,1600,10000,25926.96,23577.04,2349.92,41.54000,4262.01
512,4,800,10000,27040.77,24589.89,2450.87,19.72800,4430.89
16384,4,1600,10000,53059.69,51457.28,1602.40,47.68000,4176.10
32768,4,3200,10000,0.00,0.00,0.00,75.24200,0.00
4096,4,100,10000,34094.30,31004.12,3090.18,1.95000,32499.82
1024,4,100,10000,222907.56,218868.31,4039.25,1.51200,228346.37
4096,4,200,10000,14862.43,12393.53,2468.90,4.76200,13008.81
128,4,1600,10000,23001.69,20916.90,2084.79,44.99800,3148.62
32,4,400,10000,139184.67,136662.54,2522.13,9.58900,14390.08
32,4,1600,10000,22667.96,20613.42,2054.54,47.47700,4577.09
32768,4,50,10000,52655.83,51065.63,1590.21,1.26500,53624.34
512,4,800,10000,14574.89,12153.76,2421.13,20.02900,12757.13
512,4,50,10000,27513.11,22942.73,4570.39,0.71400,24081.72
32,4,100,10000,242433.08,238405.87,4027.22,1.50700,248735.64
128,4,50,10000,26114.60,21776.53,4338.07,0.68700,22857.62
512,4,3200,10000,0.00,0.00,0.00,71.87500,0.00
32768,4,100,10000,5611.46,4679.30,932.16,3.32200,4911.60
16384,4,800,10000,7643.28,6373.60,1269.68,25.34600,6690.02
32,4,200,10000,116060.58,112555.55,3505.03,3.50100,120423.66
128,4,800,10000,82373.64,79885.96,2487.68,19.30100,18091.70
65536,4,200,10000,84508.39,82977.04,1531.35,5.80800,34997.48
16384,4,3200,10000,0.00,0.00,0.00,74.14100,0.00
65536,4,800,10000,26193.84,25402.79,791.05,28.33100,4513.00
16384,4,1600,10000,14241.80,12950.98,1290.82,51.61900,2499.31
65536,4,800,10000,3084.41,2572.04,512.37,32.47100,2699.73
1024,4,50,10000,258992.29,254690.00,4302.29,0.69800,265752.99
65536,4,400,10000,80769.06,79305.47,1463.59,12.23000,7415.73
32,4,100,10000,46389.11,42184.58,4204.54,1.41100,45863.33
4096,4,3200,10000,0.00,0.00,0.00,72.88900,0.00
32768,4,100,10000,45839.80,44455.44,1384.36,2.91500,46682.94
128,4,400,10000,142666.67,140081.44,2585.22,9.35900,11465.98
4096,4,3200,10000,0.00,0.00,0.00,74.57400,0.00
512,4,100,10000,223720.45,219666.47,4053.98,1.47200,229135.44
1024,4,1600,10000,115045.20,112960.50,2084.70,46.79700,229.74
4096,4,50,10000,41249.66,37510.94,3738.71,0.83300,39320.55
16384,4,100,10000,58391.90,56628.47,1763.44,2.75200,59185.61
32,4,3200,10000,0.00,0.00,0.00,73.92400,0.00
512,4,1600,10000,124566.85,122497.58,2069.26,45.32900,7196.88
4096,4,1600,10000,113703.65,111643.26,2060.39,47.11100,288.50
128,4,200,10000,110189.46,106861.73,3327.72,3.63500,111512.22
65536,4,800,10000,106735.47,104962.41,1773.05,22.06300,14289.04
512,4,400,10000,139827.88,137294.10,2533.78,9.53600,11248.89
