32,4,800,10000,14513.56,19.92600,1117.88
32,4,800,10000,142805.28,18.70800,11001.49
512,4,3200,10000,0.00,64.91400,0.00
1024,4,3200,10000,0.00,66.99000,0.00
128,4,400,10000,145469.01,9.15900,24986.48
16384,4,800,10000,22712.95,33.77400,7341.39
1024,4,100,10000,23871.04,1.51700,25010.31
32768,4,400,10000,40287.67,26.29400,2705.43
512,4,800,10000,26900.98,19.73500,14708.56
32768,4,200,10000,51735.34,14.06500,30728.44
128,4,1600,10000,70135.94,43.04400,2312.76
65536,4,50,10000,16428.29,2.79900,295010.18
1024,4,200,10000,34186.24,3.92700,35818.40
65536,4,1600,10000,9496.62,160.22500,6393.41
32,4,800,10000,154176.09,18.75900,11877.68
32768,4,200,10000,22160.79,11.22300,13246.17
16384,4,3200,10000,0.00,131.35000,0.00
512,4,200,10000,179989.04,3.71800,98411.70
1024,4,50,10000,52245.11,0.69900,54739.46
4096,4,1600,10000,129096.55,45.02000,7558.00
128,4,3200,10000,0.00,72.81000,0.00
1024,4,200,10000,188620.55,3.88800,88846.28
128,4,1600,10000,22323.07,47.25300,3834.36
4096,4,200,10000,33128.23,4.15300,29903.01
16384,4,100,10000,30458.67,3.06600,105640.54
32768,4,800,10000,38127.78,55.04000,1110.02
4096,4,400,10000,133541.74,10.91700,1437.66
32,4,50,10000,240639.59,0.69300,18538.49
128,4,800,10000,26749.35,19.88300,4594.65
32768,4,3200,10000,0.00,196.38400,0.00
65536,4,400,10000,30885.82,48.53800,6039.66
128,4,50,10000,48860.03,0.68300,8392.52
1024,4,400,10000,83954.17,9.53600,43946.34
1024,4,200,10000,19686.31,3.75300,20625.86
32,4,100,10000,262226.99,1.44800,20201.90
512,4,800,10000,14399.54,20.19900,7872.94
1024,4,3200,10000,0.00,71.16800,0.00
128,4,400,10000,15256.09,9.46400,2620.23
65536,4,1600,10000,29522.71,209.98600,997.71
1024,4,50,10000,238113.50,0.70000,249481.41
16384,4,3200,10000,0.00,112.32400,0.00
1024,4,800,10000,26439.13,20.22000,6913.00
4096,4,3200,10000,0.00,75.82200,0.00
32,4,50,10000,144852.86,0.68900,11159.64
4096,4,400,10000,77332.74,10.23600,29210.77
32768,4,1600,10000,47282.22,123.21200,2056.59
4096,4,50,10000,46112.64,0.71100,186652.14
128,4,50,10000,142587.45,0.70100,24491.93
32768,4,100,10000,16734.57,4.16700,150662.65
128,4,50,10000,238785.55,0.69200,41014.99
512,4,200,10000,18518.39,3.94100,10124.92
16384,4,800,10000,13287.62,32.76300,2721.76
4096,4,100,10000,115096.45,1.79800,224506.26
16384,4,100,10000,79867.57,4.43500,75908.66
32,4,3200,10000,0.00,72.70200,0.00
65536,4,100,10000,18495.58,8.24000,21209.63
512,4,400,10000,146137.95,9.15800,33935.76
16384,4,400,10000,53281.93,17.89800,17054.53
16384,4,50,10000,36214.50,1.26600,125603.60
512,4,1600,10000,23948.35,41.99300,3186.90
128,4,1600,10000,12067.86,47.20600,2072.65
32,4,400,10000,15850.45,9.25300,1220.85
32768,4,1600,10000,37601.87,100.09400,1128.11
65536,4,3200,10000,0.00,332.63900,0.00
32,4,800,10000,81284.00,19.61400,6262.22
4096,4,800,10000,26056.18,20.97200,3032.14
16384,4,1600,10000,73483.13,78.20800,514.54
65536,4,100,10000,13150.67,7.57500,84619.79
16384,4,800,10000,52860.51,36.13600,3062.57
16384,4,50,10000,95855.91,1.94600,211616.73
128,4,1600,10000,123412.53,46.17000,3044.54
4096,4,800,10000,119047.11,22.47300,13797.09
4096,4,100,10000,179888.31,2.01700,105680.18
512,4,200,10000,103991.61,3.88400,56859.26
4096,4,1600,10000,118373.98,45.11600,4410.52
128,4,50,10000,26138.63,0.68800,4489.29
512,4,50,10000,140720.32,0.69700,76941.34
128,4,200,10000,183490.99,3.64200,31517.32
128,4,400,10000,164426.65,8.87300,28242.96
65536,4,400,10000,31672.38,48.50600,2877.38
1024,4,1600,10000,77062.58,39.20000,5872.02
32,4,400,10000,84702.17,9.44900,6525.56
512,4,400,10000,15247.83,9.51100,8336.74
128,4,800,10000,14815.27,19.60200,2544.51
128,4,3200,10000,0.00,72.73400,0.00
65536,4,100,10000,32782.14,11.80200,20013.69
32768,4,1600,10000,18220.52,93.33300,6894.49
65536,4,200,10000,11450.34,16.76200,7708.71
4096,4,50,10000,127725.76,0.77200,517001.24
1024,4,800,10000,79127.03,20.13600,20676.87
32768,4,50,10000,59191.66,3.06800,109631.53
512,4,400,10000,83690.81,9.56300,1881.35
512,4,800,10000,80897.36,19.71900,1818.55
65536,4,50,10000,36318.12,5.25300,64062.54
32768,4,3200,10000,0.00,157.79700,0.00
1024,4,800,10000,14435.27,20.28900,15124.21
65536,4,50,10000,32542.19,4.70000,36908.08
16384,4,200,10000,14928.09,7.46600,67562.86
32,4,100,10000,139576.84,1.44500,10753.17
4096,4,200,10000,91116.66,4.37000,82188.71
32768,4,1600,10000,48852.94,124.93300,2015.53
32,4,50,10000,26080.74,0.69000,2008.81
32,4,50,10000,263012.90,0.69100,20262.44
512,4,100,10000,261121.60,1.49000,142772.49
65536,4,1600,10000,14532.62,167.37900,5238.50
16384,4,200,10000,26086.11,7.34900,8431.68
4096,4,200,10000,134487.65,4.98800,36737.98
65536,4,1600,10000,29182.21,174.96100,1876.66
128,4,200,10000,208924.22,3.48600,35886.14
65536,4,50,10000,36403.01,5.20000,41469.98
32,4,3200,10000,0.00,72.89300,0.00
128,4,800,10000,137519.15,19.24500,1829.37
16384,4,200,10000,54382.23,8.79700,17406.71
128,4,100,10000,24315.34,1.49400,4176.15
4096,4,200,10000,18304.74,3.98600,74092.56
65536,4,400,10000,10806.92,35.18900,7275.55
65536,4,400,10000,27033.11,44.38700,2313.63
32,4,100,10000,45318.28,1.49500,3491.32
32768,4,100,10000,55558.71,6.54500,32999.35
1024,4,1600,10000,12484.44,43.76500,3802.24
65536,4,100,10000,32466.17,11.54500,36985.16
65536,4,100,10000,28392.39,10.55300,32201.54
32,4,200,10000,208543.29,3.49100,16066.12
65536,4,1600,10000,25393.37,172.91200,3510.55
4096,4,800,10000,74671.41,21.27500,8630.85
512,4,3200,10000,0.00,65.72300,0.00
16384,4,100,10000,79737.83,4.70700,84062.22
4096,4,3200,10000,0.00,71.27300,0.00
32,4,400,10000,150528.57,8.82900,11596.48
128,4,400,10000,86455.08,9.26800,14850.20
4096,4,400,10000,123711.05,10.83200,33794.14
512,4,1600,10000,131966.22,40.26900,9890.01
128,4,100,10000,253478.22,1.43200,43539.01
32,4,400,10000,171333.78,8.53300,13199.51
65536,4,3200,10000,0.00,246.10400,0.00
1024,4,800,10000,131413.02,20.29000,13679.92
16384,4,400,10000,77025.92,19.52600,14570.69
16384,4,50,10000,22667.90,1.15200,363790.38
4096,4,100,10000,41214.66,1.62000,166826.34
128,4,100,10000,236491.75,1.43800,40621.00
16384,4,200,10000,78207.98,9.59800,37346.00
128,4,3200,10000,0.00,72.78700,0.00
4096,4,1600,10000,73683.47,42.79700,8516.66
1024,4,800,10000,146536.03,19.71900,4523.86
32,4,3200,10000,0.00,72.43400,0.00
65536,4,50,10000,22627.27,3.29700,25947.60
128,4,3200,10000,12422.50,71.91500,2133.56
32,4,1600,10000,22120.83,48.03400,1704.19
16384,4,50,10000,71831.54,1.65800,248954.38
1024,4,100,10000,239950.20,1.54900,251406.11
65536,4,3200,10000,0.00,304.85200,0.00
1024,4,50,10000,141730.67,0.70300,148497.50
512,4,200,10000,36036.50,3.75800,19703.55
4096,4,800,10000,130710.36,22.28300,1407.18
32768,4,50,10000,31114.11,1.81600,214311.76
1024,4,400,10000,138918.95,9.60000,14461.27
128,4,800,10000,150048.51,19.24500,3976.14
32768,4,1600,10000,10803.44,102.57200,3899.68
32768,4,400,10000,50705.63,28.71100,14167.50
16384,4,400,10000,23326.44,16.52400,7539.68
32768,4,50,10000,63776.88,2.96200,131364.16
512,4,50,10000,232784.19,0.71500,127278.24
16384,4,400,10000,13676.02,16.17600,22499.60
16384,4,800,10000,71748.26,39.48400,487.07
32768,4,800,10000,48425.44,60.16600,5914.35
32768,4,200,10000,52800.79,14.43700,17403.81
16384,4,1600,10000,20517.45,72.42600,6631.75
16384,4,100,10000,19328.91,2.76000,87480.51
65536,4,200,10000,32718.61,23.64700,1105.72
65536,4,3200,10000,0.00,239.74000,0.00
32768,4,100,10000,25997.88,4.43600,15539.71
32,4,200,10000,18835.05,3.87300,1450.73
512,4,100,10000,218620.12,1.53000,119533.82
512,4,400,10000,156566.75,9.28700,40458.54
128,4,100,10000,44442.44,1.50800,7633.73
32,4,200,10000,33224.64,4.00200,2559.63
1024,4,200,10000,101325.59,3.96800,106163.31
512,4,3200,10000,0.00,64.46800,0.00
512,4,1600,10000,147055.72,38.10600,3431.29
32,4,50,10000,48417.28,0.67900,3730.07
16384,4,50,10000,88490.01,1.99000,84103.70
128,4,200,10000,34083.72,3.95300,5854.45
65536,4,200,10000,27907.15,21.44300,2388.43
1024,4,50,10000,258914.22,0.70000,271275.52
32768,4,400,10000,53184.97,28.67400,2194.26
4096,4,400,10000,27193.59,10.00300,24546.14
32,4,1600,10000,122123.73,47.59100,604.62
512,4,200,10000,203116.98,3.59200,111057.52
1024,4,400,10000,28545.49,9.38900,29908.34
1024,4,200,10000,172347.68,3.88600,72152.71
1024,4,400,10000,15583.01,9.41100,16326.73
1024,4,3200,10000,0.00,65.75000,0.00
128,4,3200,10000,0.00,72.78600,0.00
4096,4,1600,10000,12408.94,44.77800,4871.64
32,4,800,10000,26963.97,19.87200,2077.31
1024,4,100,10000,126853.67,1.55300,132910.22
512,4,3200,10000,12606.83,70.87000,1082.13
32768,4,3200,10000,0.00,199.94800,0.00
1024,4,3200,10000,0.00,66.33500,0.00
4096,4,3200,10000,0.00,71.73400,0.00
16384,4,3200,10000,0.00,130.79600,0.00
128,4,200,10000,19981.17,3.68100,3431.75
4096,4,400,10000,14979.29,10.04900,17481.17
1024,4,1600,10000,141683.22,40.96500,5454.60
32768,4,400,10000,20419.04,23.02300,12205.07
4096,4,100,10000,24382.29,1.56800,98692.82
32768,4,3200,10000,0.00,177.23500,0.00
32768,4,800,10000,49964.60,54.74100,1800.17
16384,4,1600,10000,11748.99,67.27500,401.86
65536,4,200,10000,32045.46,23.40600,16346.25
65536,4,3200,10000,0.00,329.31200,0.00
65536,4,800,10000,16189.83,65.07600,3279.02
1024,4,100,10000,217434.15,1.55000,227814.79
4096,4,50,10000,25784.55,0.70600,104368.80
512,4,50,10000,48144.81,0.68300,26323.97
1024,4,3200,10000,0.00,70.31800,0.00
512,4,100,10000,24407.61,1.49000,13344.85
32,4,200,10000,202241.25,3.33100,15580.34
16384,4,200,10000,72727.59,9.72100,23370.01
32768,4,200,10000,14202.98,10.45700,46041.38
512,4,1600,10000,78214.37,40.87600,1758.24
4096,4,800,10000,14363.93,20.83500,16763.03
32,4,1600,10000,68485.38,46.68000,5276.20
512,4,100,10000,131341.95,1.50500,71813.55
32768,4,400,10000,12723.52,22.08600,4592.76
32768,4,50,10000,20875.48,1.58900,187943.55
32768,4,200,10000,41075.58,12.93600,24293.78
65536,4,800,10000,29855.16,100.62400,1142.68
32,4,3200,10000,0.00,73.41500,0.00
128,4,100,10000,137993.85,1.51100,23702.90
32768,4,800,10000,12137.64,47.40400,4381.28
16384,4,400,10000,73772.88,19.17900,500.82
32,4,1600,10000,14951.66,33.16300,1151.62
512,4,50,10000,26454.71,0.68200,14464.10
4096,4,50,10000,210472.80,0.85700,366411.83
32768,4,800,10000,19698.43,48.40700,11774.34
16384,4,3200,10000,0.00,119.53500,0.00
1024,4,400,10000,153231.81,9.48200,27991.82
1024,4,1600,10000,129697.06,41.03700,3302.31
512,4,800,10000,135268.75,19.67700,10137.52
16384,4,1600,10000,53059.69,70.68900,1171.86
32768,4,3200,10000,0.00,154.92500,0.00
4096,4,100,10000,170553.34,1.96500,46590.04
1024,4,100,10000,44592.21,1.51400,46721.19
4096,4,200,10000,148640.64,4.94300,1600.21
128,4,1600,10000,115063.67,44.83600,1053.47
32,4,400,10000,27843.62,9.59200,2145.07
32,4,1600,10000,113394.21,46.95000,8735.71
32768,4,50,10000,52655.83,2.51900,141570.09
512,4,800,10000,145764.92,19.94400,16651.17
512,4,50,10000,275161.41,0.71500,150448.98
32,4,100,10000,24269.98,1.50700,1869.34
128,4,50,10000,261174.69,0.68700,44861.01
512,4,3200,10000,0.00,70.37400,0.00
32768,4,100,10000,56120.73,6.78900,50863.55
16384,4,800,10000,76441.21,39.32200,3438.96
32,4,200,10000,116060.58,3.50300,8941.45
128,4,800,10000,82373.64,19.28400,14149.14
65536,4,200,10000,16905.73,18.27100,19386.48
16384,4,3200,10000,0.00,114.46600,0.00
65536,4,800,10000,26193.84,84.32300,2911.71
16384,4,1600,10000,71243.21,79.51000,483.65
65536,4,800,10000,30847.53,100.46500,1042.48
1024,4,50,10000,25927.72,0.69900,27165.15
65536,4,400,10000,16157.69,37.10900,10203.18
32,4,100,10000,232056.95,1.40900,17877.30
4096,4,3200,10000,0.00,71.26200,0.00
32768,4,100,10000,45839.80,5.79500,27111.53
128,4,400,10000,28540.18,9.30100,4902.25
4096,4,3200,10000,0.00,74.71700,0.00
512,4,100,10000,44754.83,1.47200,24470.45
1024,4,1600,10000,23014.56,44.13900,6017.58
4096,4,50,10000,206347.32,0.83400,315992.13
16384,4,100,10000,58391.90,4.09800,79918.48
32,4,3200,10000,0.00,73.69900,0.00
512,4,1600,10000,12470.39,43.81300,6818.18
4096,4,1600,10000,22746.19,45.85400,2646.96
128,4,200,10000,110189.46,3.62800,18927.00
65536,4,800,10000,10685.29,68.25200,12572.11
512,4,400,10000,27972.29,9.50800,15294.31
