0x400000	47	R	5.22222	Local/Remote	0	0	0	0	0	0	0	0	0.0212766	0	0	0	0	0	0	0	0	0	0	0	0	0	0	0.0425532	0.0638298	0.0425532	0.0425532	0.0212766	0.0212766	0.0212766	0.0212766	0.0212766	0.0212766	0.0212766	0.0212766	0.0212766	0	0.0212766	0.0212766	0	0.0212766	0.0212766	0.0212766	0.0212766	0.0212766	0.0212766	0.0212766	0.0212766	0.0212766	0.0212766	0.0212766	0.0212766	0.0425532	0.0212766	0.0212766	0.0212766	0.0212766	0.0212766	0.0212766	0.0212766	0.0212766	0.0425532	0.0212766	0.0212766	RW	0.191489	0	0	0	0	0	0	0	0	0	0	0	0	0	0	0	0	0	0	0	0	0	0	0	0	0	0	0	0	0	0	0	0	0	0	0	0	0	0	0	0	0	0	0	0	0	0	0	0	0	0	0	0	0	0	0	0	0	0	0	0	0	0	0	0	
0x401000	71	R	23.6667	Local/Remote	0.0140845	0.028169	0	0.0140845	0.0140845	0.0140845	0.0140845	0.0140845	0.0140845	0.0140845	0.0140845	0.0140845	0.0140845	0.0140845	0.028169	0.0140845	0.0140845	0.0140845	0.0140845	0.0140845	0.0140845	0.0140845	0.0140845	0.0140845	0.0140845	0.0140845	0.0140845	0.0140845	0.0140845	0.0140845	0.0140845	0.0140845	0.0140845	0.028169	0.0140845	0.0140845	0.0140845	0.0140845	0.0140845	0.0140845	0.0140845	0	0	0.0140845	0.028169	0.0140845	0.028169	0.028169	0.028169	0.028169	0.0140845	0.028169	0.028169	0.0140845	0.0140845	0.0140845	0.0140845	0.0140845	0.0140845	0.0140845	0.0140845	0.0140845	0.0140845	0.0140845	RW	0.0422535	0	0	0	0	0	0	0	0	0	0	0	0	0	0	0	0	0	0	0	0	0	0	0	0	0	0	0	0	0	0	0	0	0	0	0	0	0	0	0	0	0	0	0	0	0	0	0	0	0	0	0	0	0	0	0	0	0	0	0	0	0	0	0	0	
0x402000	35	R	inf	Local/Remote	0.0285714	0.0285714	0.0285714	0.0285714	0.0285714	0.0285714	0.0285714	0.0285714	0.0285714	0.0571429	0.0285714	0.0285714	0.0285714	0.0285714	0.0285714	0.0285714	0.0285714	0.0285714	0.0285714	0.0285714	0.0285714	0.0571429	0.0285714	0.0285714	0.0285714	0.0571429	0.0285714	0.0285714	0.0285714	0.0285714	0.0285714	0.0285714	0	0	0	0	0	0	0	0	0	0	0	0	0	0	0	0	0	0	0	0	0	0	0	0	0	0	0	0	0	0	0	0	RW	0	0	0	0	0	0	0	0	0	0	0	0	0	0	0	0	0	0	0	0	0	0	0	0	0	0	0	0	0	0	0	0	0	0	0	0	0	0	0	0	0	0	0	0	0	0	0	0	0	0	0	0	0	0	0	0	0	0	0	0	0	0	0	0	0	
0x473000	31	R	7.75	Local/Remote	0	0	0	0	0	0	0	0	0	0	0	0	0	0	0	0	0	0	0	0	0	0	0	0.0967742	0.0322581	0.0322581	0	0.0967742	0.0322581	0.0967742	0.0322581	0.0322581	0	0.0322581	0.0322581	0.0322581	0	0.0645161	0.0645161	0	0.0322581	0.0322581	0.0322581	0.0322581	0.0322581	0.0322581	0.0322581	0.0322581	0	0	0	0	0	0	0.0322581	0.0322581	0	0	0	0	0	0	0	0	RW	0.129032	0	0	0	0	0	0	0	0	0	0	0	0	0	0	0	0	0	0	0	0	0	0	0	0	0	0	0	0	0	0	0	0	0	0	0	0	0	0	0	0	0	0	0	0	0	0	0	0	0	0	0	0	0	0	0	0	0	0	0	0	0	0	0	0	
0x474000	5	R	5	Local/Remote	0	0.4	0	0.6	0	0	0	0	0	0	0	0	0	0	0	0	0	0	0	0	0	0	0	0	0	0	0	0	0	0	0	0	0	0	0	0	0	0	0	0	0	0	0	0	0	0	0	0	0	0	0	0	0	0	0	0	0	0	0	0	0	0	0	0	RW	0	0	0	0	0	0	0	0	0	0	0	0	0	0	0	0	0	0	0	0	0	0	0	0	0	0	0	0	0	0	0	0	0	0	0	0	0	0	0	0	0	0	0	0	0	0	0	0	0	0	0	0	0	0	0	0	0	0	0	0	0	0	0	0	0	
0x682000	11	R	1.375	Local/Remote	0	0	0	0	0	0	0	0	0	0	0	0	0	0	0	0	0	0	0	0	0	0	0	0	0	0	0	0	0	0	0	0	0	0	0	0	0	0	0	0	0	0	0	0	0	0	0	0	0	0	0	0	0	0.0909091	0.0909091	0.0909091	0.0909091	0.0909091	0.181818	0	0.181818	0.181818	0	0	RW	0.818182	0	0	0	0	0	0	0	0	0	0	0	0	0	0	0	0	0	0	0	0	0	0	0	0	0	0	0	0	0	0	0	0	0	0	0	0	0	0	0	0	0	0	0	0	0	0	0	0	0	0	0	0	0	0	0	0	0	0	0	0	0	0	0	0	
0x683000	96	R	32	Local/Remote	0.0520833	0.0520833	0.0520833	0.0520833	0.0520833	0.0416667	0.0520833	0.0520833	0.0520833	0.0416667	0.0416667	0	0.0416667	0	0	0.0416667	0.0416667	0	0	0.0416667	0.0104167	0	0	0.0416667	0.03125	0	0.03125	0.0416667	0	0.0416667	0	0	0.0416667	0	0.0416667	0.0104167	0	0	0	0	0	0	0	0	0	0	0	0	0	0	0	0	0	0	0	0	0	0	0	0	0	0	0	0	RW	0.291667	0	0	0	0	0	0	0	0	0	0	0	0	0.25	0	0	0.25	0.25	0	0	0.25	1	0	0	0.25	0.333333	0	0.333333	0.25	0	0.25	0	0	0.25	0	0.25	1	0	0	0	0	0	0	0	0	0	0	0	0	0	0	0	0	0	0	0	0	0	0	0	0	0	0	0	0	
0x93a000	3	R	0.5	Local/Remote	0	0	0	0	0	0.333333	0	0	0	0	0	0	0	0	0	0	0	0	0	0	0	0	0	0	0	0	0	0	0	0	0	0	0	0	0	0	0.333333	0	0	0	0	0	0	0	0	0.333333	0	0	0	0	0	0	0	0	0	0	0	0	0	0	0	0	0	0	RW	41.6667	0	0	0	0	0	1	0	0	0	0	0	0	0	0	0	0	0	0	0	0	0	0	0	0	0	0	0	0	0	0	0	0	0	0	0	0	1	0	0	0	0	0	0	0	0	1	0	0	0	0	0	0	0	0	0	0	0	0	0	0	0	0	0	0	
0x7f3fa4000000	5	R	0.625	Local/Remote	0.2	0.2	0.2	0	0	0	0	0	0	0	0	0	0	0	0	0	0	0	0	0	0	0	0	0	0	0	0	0	0	0	0	0	0	0	0.2	0	0	0	0	0.2	0	0	0	0	0	0	0	0	0	0	0	0	0	0	0	0	0	0	0	0	0	0	0	0	RW	1.6	1	1	1	0	0	0	0	0	0	0	0	0	0	0	0	0	0	0	0	0	0	0	0	0	0	0	0	0	0	0	0	0	0	0	1	0	0	0	0	1	0	0	0	0	0	0	0	0	0	0	0	0	0	0	0	0	0	0	0	0	0	0	0	0	
0x7f3fa4001000	23	R	0.14375	Local/Remote	0	0.0434783	0.0434783	0	0	0	0.0434783	0	0	0	0	0	0	0	0	0	0	0	0	0	0	0	0	0.0869565	0	0	0	0	0	0	0	0	0	0	0	0	0	0.0869565	0	0.0869565	0.0869565	0	0.130435	0	0.0869565	0	0	0	0	0.0869565	0	0.0869565	0	0	0	0	0	0	0.0434783	0	0	0.0434783	0.0434783	0	RW	6.95652	0	1	1	0	0	0	1	0	0	0	0	0	0	0	0	0	0	0	0	0	0	0	0	0.5	0	0	0	0	0	0	0	0	0	0	0	0	0	0.5	0	0.5	0.5	0	0.333333	0	0.5	0	0	0	0	0.5	0	0.5	0	0	0	0	0	0	1	0	0	1	1	0	
0x7f3fa4002000	75	R	0.700935	Local/Remote	0.0133333	0.0133333	0.0133333	0.0133333	0.0133333	0.04	0.04	0	0.0133333	0	0	0	0	0	0.04	0	0	0	0.04	0	0.04	0.04	0.04	0.04	0	0	0	0	0	0	0.04	0.04	0	0	0	0	0.04	0	0.0266667	0	0.0133333	0.0266667	0	0.0266667	0.0133333	0	0	0.04	0.04	0.04	0	0	0.04	0.04	0.04	0	0.04	0.04	0	0.0266667	0.0133333	0.0133333	0	0	RW	1.42667	2	1	1	1	1	0.333333	0.333333	0	1	0	0	0	0	0	0.333333	0	0	0	0.333333	0	0.333333	0.333333	0.333333	0.333333	0	0	0	0	0	0	0.333333	0.333333	0	0	0	0	0.333333	0	0.5	0	1	0.5	0	0.5	1	0	0	0.333333	0.333333	0.333333	0	0	0.333333	0.333333	0.333333	0	0.333333	0.333333	0	0.5	1	1	0	0	
0x7f3fa4003000	48	R	0.350365	Local/Remote	0	0	0	0	0	0	0.0625	0	0	0	0.0625	0	0.0625	0	0	0.0625	0	0.0625	0	0	0.0416667	0.0625	0.0208333	0	0	0	0	0	0	0	0.0625	0	0	0	0	0	0	0	0	0.0208333	0.0625	0.0625	0	0	0	0	0.0625	0	0	0	0	0	0	0	0	0	0.0208333	0.0208333	0.0625	0.0625	0.0625	0.0625	0	0	RW	2.85417	0	0	0	0	0	0	0.333333	0	0	0	0.333333	0	0.333333	0	0	0.333333	0	0.333333	0	0	0.5	0.333333	1	0	0	0	0	0	0	0	0.333333	0	0	0	0	0	0	0	0	1	0.333333	0.333333	0	0	0	0	0.333333	0	0	0	0	0	0	0	0	0	1	1	0.333333	0.333333	0.333333	0.333333	0	0	
0x7f3fa4004000	80	R	0.733945	Local/Remote	0.0125	0	0.0375	0.0125	0.0125	0.025	0.0375	0.0375	0.0375	0.0375	0	0.0125	0	0.0375	0.0375	0.0375	0.025	0	0.0125	0.0125	0	0.0375	0.0375	0	0	0	0	0.0125	0.025	0	0.0375	0.0375	0.0125	0.0125	0.0125	0	0.0375	0	0.0125	0.0125	0.0375	0	0	0.0125	0	0	0	0.0375	0.0375	0.0375	0	0	0	0	0.0125	0	0.0375	0.0375	0.0375	0	0	0	0	0	RW	1.3625	1	0	0.333333	1	1	0.5	0.333333	0.333333	0.333333	0.333333	0	1	0	0.333333	0.333333	0.333333	0.5	0	1	1	0	0.333333	0.333333	0	0	0	0	1	0.5	0	0.333333	0.333333	1	1	1	0	0.333333	0	1	1	0.333333	0	0	2	0	0	0	0.333333	0.333333	0.333333	0	0	0	0	1	0	0.333333	0.333333	0.333333	0	0	0	0	0	
0x7f3fa4005000	57	R	0.438462	Local/Remote	0.0526316	0.0526316	0.0526316	0.0526316	0.0526316	0	0.0350877	0	0.0350877	0	0.0526316	0	0	0.0526316	0.0526316	0	0	0	0	0	0	0.0175439	0	0	0	0	0	0	0	0	0	0	0	0.0350877	0	0	0	0	0.0175439	0.0175439	0.0175439	0	0.0175439	0	0.0175439	0.0350877	0.0175439	0.0350877	0	0.0350877	0	0.0350877	0.0175439	0.0175439	0.0350877	0.0175439	0.0350877	0.0350877	0	0.0175439	0	0	0.0175439	0.0175439	RW	2.2807	0.333333	0.333333	0.333333	0.333333	0.333333	0	0.5	0	0.5	0	0.333333	0	0	0.333333	0.333333	0	0	0	0	0	0	1	0	0	0	0	0	0	0	0	0	0	0	0.5	0	0	0	0	1	1	1	0	1	0	2	0.5	2	0.5	0	0.5	0	0.5	1	2	0.5	1	0.5	0.5	0	1	0	0	1	2	
0x7f3fa4006000	75	R	0.833333	Local/Remote	0.0133333	0.0133333	0.04	0.04	0	0	0.0133333	0.0266667	0.0133333	0.0133333	0.0133333	0.04	0	0	0.04	0	0.0133333	0	0.0133333	0.0133333	0.0133333	0.0133333	0.0133333	0.0133333	0.0133333	0.0266667	0	0	0.0133333	0.0133333	0.0133333	0.0266667	0.0133333	0.0266667	0.0133333	0.04	0.0266667	0.0266667	0.04	0.04	0	0.0133333	0	0.0133333	0.0133333	0.0133333	0.0266667	0.0266667	0.0133333	0.0133333	0.0133333	0	0.0133333	0.0133333	0.0133333	0.0133333	0.0133333	0.0133333	0.0133333	0.0133333	0.0133333	0.0133333	0.0133333	0.0133333	RW	1.2	2	1	0.333333	0.333333	0	0	1	0.5	1	1	1	0.333333	0	0	0.333333	0	2	0	2	2	2	2	1	2	1	0.5	0	0	1	1	2	0.5	2	0.5	2	0.333333	0.5	0.5	0.333333	0.333333	0	2	0	2	2	2	0.5	0.5	1	1	2	0	2	2	2	2	2	2	1	2	1	2	2	2	
0x7f3fa4007000	117	R	2.25	Local/Remote	0.00854701	0.00854701	0.00854701	0.025641	0.017094	0	0.017094	0.017094	0.017094	0.025641	0.025641	0.017094	0.00854701	0.025641	0.025641	0.025641	0.025641	0.025641	0.025641	0.025641	0.025641	0.025641	0.025641	0	0.00854701	0.00854701	0.017094	0.017094	0.017094	0.017094	0.00854701	0.017094	0	0.017094	0.025641	0.025641	0.017094	0.017094	0.017094	0	0.025641	0.025641	0.025641	0.025641	0.025641	0.00854701	0.00854701	0	0	0	0.00854701	0.00854701	0.017094	0.017094	0.017094	0.017094	0.00854701	0	0	0	0.025641	0.025641	0.025641	0	RW	0.461538	2	1	1	0.333333	0.5	0	0.5	0.5	0.5	0.333333	0.333333	0.5	1	0.333333	0.333333	0.333333	0.333333	0.333333	0.333333	0.333333	0.333333	0.333333	0.333333	0	2	1	0.5	0.5	0.5	0.5	1	0.5	0	0.5	0.333333	0.333333	0.5	0.5	0.5	0	0.333333	0.333333	0.333333	0.333333	0.333333	1	1	0	0	0	1	1	0.5	0.5	0.5	0.5	1	0	0	0	0.333333	0.333333	0.333333	0	
0x7f3fa4008000	87	R	0.896907	Local/Remote	0	0.0344828	0	0.0344828	0	0.0229885	0.0229885	0.0229885	0.0229885	0.0229885	0.0229885	0	0.0114943	0	0.0229885	0.0229885	0.0114943	0.0229885	0.0229885	0.0229885	0.0344828	0.0114943	0.0114943	0.0114943	0.0229885	0.0344828	0.0114943	0.0344828	0.0229885	0	0.0229885	0.0114943	0.0229885	0.0229885	0.0229885	0.0229885	0.0229885	0.0229885	0.0114943	0	0	0.0344828	0	0.0114943	0.0344828	0.0344828	0	0	0.0114943	0.0344828	0.0344828	0	0.0229885	0	0	0.0229885	0	0.0114943	0	0	0	0	0	0.0229885	RW	1.11494	0	0.333333	0	0.333333	0	0.5	0.5	0.5	0.5	0.5	0.5	0	1	0	0.5	0.5	1	0.5	0.5	0.5	0.333333	1	1	1	0.5	0.333333	1	0.333333	0.5	0	0.5	1	0.5	0.5	0.5	0.5	0.5	0.5	1	0	0	0.333333	0	1	0.333333	0.333333	0	0	1	0.333333	0.333333	0	0.5	0	0	0.5	0	1	0	0	0	0	0	0.5	
0x7f3fa4009000	60	R	0.5	Local/Remote	0.0166667	0	0	0.05	0.0333333	0	0.0333333	0	0	0	0.0166667	0.0166667	0	0.0166667	0.0166667	0.0166667	0.0166667	0	0	0.0166667	0.0166667	0	0.0333333	0.0166667	0.0333333	0.0333333	0	0	0	0.0333333	0	0.0333333	0.0166667	0.0166667	0.0333333	0.0333333	0.0166667	0.0333333	0.0333333	0	0.0333333	0	0.0333333	0	0.05	0	0.0166667	0.0333333	0	0	0.0333333	0.0166667	0.0166667	0.0166667	0.0166667	0	0	0.0166667	0.0166667	0.0166667	0.0166667	0.0166667	0	0.0166667	RW	2.01667	1	0	0	0.333333	0.5	0	0.5	0	0	0	1	1	0	1	1	2	1	0	0	1	1	0	0.5	1	0.5	0.5	0	0	0	0.5	0	0.5	1	2	0.5	0.5	1	0.5	0.5	0	0.5	0	0.5	0	0.333333	0	1	0.5	0	0	0.5	2	1	1	1	0	0	1	1	1	1	1	0	2	
0x7f3fa400a000	26	R	0.509804	Local/Remote	0	0	0.0384615	0	0.0769231	0.0769231	0.0769231	0.0769231	0	0	0	0	0	0.0769231	0	0	0.0384615	0	0.0384615	0.0769231	0.0384615	0	0.0384615	0	0	0	0	0	0	0	0	0	0.0769231	0.0384615	0.0384615	0	0	0	0	0	0	0	0	0	0	0.0769231	0	0	0.0769231	0	0	0	0	0.0384615	0	0	0	0	0	0	0	0	0	0	RW	1.96154	0	0	1	0	0.5	0.5	0.5	0.5	0	0	0	0	0	0.5	0	0	1	0	1	0.5	1	0	1	0	0	0	0	0	0	0	0	0	0.5	1	1	0	0	0	0	0	0	0	0	0	0	0.5	0	0	0.5	0	0	0	0	1	0	0	0	0	0	0	0	0	0	0	
0x7f3fa400b000	38	R	1.11765	Local/Remote	0	0	0	0	0.0526316	0	0	0	0	0	0	0	0	0	0	0	0.0526316	0	0	0	0.0526316	0	0.0526316	0.0526316	0.0526316	0	0	0.0526316	0.0526316	0.0526316	0.0526316	0.0526316	0.0526316	0	0	0	0	0.0263158	0	0.0526316	0	0	0	0	0	0	0	0.0263158	0.0263158	0	0.0526316	0.0526316	0.0526316	0.0263158	0	0	0	0	0	0	0	0.0263158	0.0263158	0	RW	0.894737	0	0	0	0	0.5	0	0	0	0	0	0	0	0	0	0	0	0.5	0	0	0	0.5	0	0.5	0.5	0.5	0	0	0.5	0.5	0.5	0.5	0.5	0.5	0	0	0	0	1	0	0.5	0	0	0	0	0	0	0	1	1	0	0.5	0.5	0.5	1	0	0	0	0	0	0	0	2	2	0	
0x7f3fa400c000	71	R	1.09231	Local/Remote	0.0140845	0.0140845	0	0	0.0140845	0.0140845	0.0140845	0.0140845	0.0140845	0.0140845	0	0	0	0	0.0140845	0.0140845	0.0140845	0	0.0140845	0	0	0	0.0140845	0.0140845	0	0.0140845	0.0422535	0.0140845	0.0140845	0.0140845	0.0140845	0	0.0140845	0.0140845	0.028169	0	0.0140845	0.0140845	0.0140845	0.0140845	0.028169	0.0140845	0.0140845	0.028169	0.028169	0.0140845	0.028169	0.0140845	0.028169	0.028169	0.028169	0.0140845	0.0140845	0.0422535	0.0140845	0.0422535	0.0422535	0.0422535	0.028169	0.028169	0.028169	0.0140845	0.0140845	0	RW	0.915493	2	2	0	0	2	2	2	2	2	2	0	0	0	0	2	2	2	0	2	0	0	0	2	2	0	2	0.333333	2	2	2	2	0	2	2	0.5	0	2	2	2	2	0.5	2	2	0.5	0.5	1	0.5	1	0.5	0.5	0.5	1	1	0.333333	2	0.333333	0.333333	0.333333	0.5	0.5	0.5	2	1	0	
0x7f3fa400d000	86	R	1.01176	Local/Remote	0.0116279	0.0116279	0.0348837	0.0232558	0.0232558	0.0232558	0.0116279	0.0232558	0	0.0232558	0.0232558	0.0232558	0.0116279	0.0348837	0.0116279	0.0232558	0.0348837	0.0116279	0.0348837	0.0348837	0.0348837	0.0232558	0	0.0232558	0	0.0232558	0	0	0.0232558	0.0232558	0.0232558	0.0232558	0.0232558	0.0116279	0.0232558	0.0116279	0	0.0232558	0.0116279	0.0232558	0	0.0116279	0	0	0.0116279	0.0232558	0	0	0.0232558	0.0116279	0	0.0116279	0.0232558	0.0232558	0.0116279	0.0116279	0.0232558	0	0.0232558	0.0116279	0	0.0232558	0	0	RW	0.988372	1	1	0.333333	0.5	0.5	0.5	1	0.5	0	0.5	0.5	0.5	1	0.333333	1	0.5	0.333333	2	0.333333	0.333333	0.333333	0.5	0	0.5	0	0.5	0	0	0.5	0.5	0.5	0.5	0.5	1	0.5	2	0	0.5	1	0.5	0	2	0	0	2	0.5	0	0	0.5	2	0	1	0.5	0.5	1	1	0.5	0	0.5	1	0	0.5	0	0	
0x7f3fa400e000	88	R	1.14286	Local/Remote	0.0227273	0.0227273	0.0227273	0	0.0113636	0	0	0.0113636	0.0340909	0.0113636	0	0.0113636	0.0340909	0.0113636	0	0.0113636	0	0.0227273	0.0113636	0.0227273	0.0113636	0.0340909	0.0113636	0	0.0113636	0	0	0.0340909	0.0340909	0	0.0340909	0	0	0.0113636	0	0.0340909	0.0227273	0.0227273	0.0113636	0.0227273	0	0.0113636	0	0.0340909	0.0340909	0.0340909	0.0227273	0.0227273	0.0227273	0.0227273	0	0.0227273	0.0113636	0.0113636	0	0.0227273	0.0340909	0.0340909	0.0113636	0.0227273	0.0340909	0	0.0113636	0.0227273	RW	0.875	0.5	0.5	0.5	0	2	0	0	2	0.333333	2	0	2	0.333333	2	0	2	0	0.5	1	0.5	2	0.333333	2	0	2	0	0	0.333333	0.333333	0	0.333333	0	0	1	0	0.333333	0.5	0.5	2	0.5	0	1	0	0.333333	0.333333	0.333333	0.5	0.5	0.5	0.5	0	0.5	1	1	0	0.5	0.333333	0.333333	1	0.5	0.333333	0	1	0.5	
0x7f3fa400f000	41	R	0.366071	Local/Remote	0	0	0.0243902	0.0243902	0.0243902	0.0243902	0.0243902	0.0487805	0.0487805	0.0487805	0.0487805	0.0243902	0.0243902	0.0243902	0.0487805	0.0487805	0.0487805	0.0487805	0.0243902	0.0487805	0.0487805	0.0487805	0.0243902	0	0	0	0	0	0	0.0243902	0	0	0	0.0243902	0	0	0	0	0	0	0	0.0487805	0	0.0243902	0	0.0243902	0	0	0	0	0	0	0	0.0243902	0	0	0	0	0	0	0	0.0243902	0.0243902	0	RW	2.73171	0	0	1	1	2	1	1	0.5	0.5	0.5	0.5	1	1	2	0.5	0.5	0.5	0.5	1	0.5	0.5	0.5	1	0	0	0	0	0	0	1	0	0	0	1	0	0	0	0	0	0	0	0.5	0	1	0	2	0	0	0	0	0	0	0	1	0	0	0	0	0	0	0	1	1	0	
0x7f3fa4010000	103	R	1.68852	Local/Remote	0	0.0291262	0.0291262	0.0291262	0.00970874	0.00970874	0.0291262	0.00970874	0.0291262	0.0291262	0.0194175	0.0194175	0.0291262	0	0.00970874	0	0.0291262	0.0291262	0.0291262	0.0194175	0.00970874	0.00970874	0.00970874	0	0.0291262	0.00970874	0.0291262	0	0.0194175	0	0.0194175	0.0291262	0.0194175	0.0194175	0.00970874	0.0291262	0.00970874	0.00970874	0	0	0.0194175	0.0194175	0.0194175	0	0	0	0.0291262	0.0291262	0.0291262	0.0291262	0	0.0291262	0.0291262	0.0291262	0.0291262	0.0291262	0.00970874	0.00970874	0	0	0	0.00970874	0	0	RW	0.592233	0	0.333333	0.333333	0.333333	1	1	0.333333	1	0.333333	0.333333	0.5	0.5	0.333333	0	2	0	0.333333	0.333333	0.333333	1	2	1	1	0	0.333333	1	0.333333	0	0.5	0	1	0.333333	0.5	0.5	1	0.333333	1	1	0	0	0.5	0.5	0.5	0	0	0	0.333333	0.333333	0.333333	0.333333	0	0.333333	0.333333	0.333333	0.333333	0.333333	1	1	0	0	0	2	0	0	
0x7f3fa4011000	13	R	0.216667	Local/Remote	0.0769231	0	0	0	0	0.230769	0	0	0	0	0	0	0	0	0	0	0	0	0	0	0	0	0	0	0	0	0	0	0	0	0	0	0	0	0	0	0	0	0.0769231	0	0	0	0	0	0.0769231	0	0	0	0	0	0.230769	0	0	0	0	0	0	0	0.0769231	0.0769231	0.0769231	0.0769231	0	0	RW	4.61538	2	0	0	0	0	0.333333	0	0	0	0	0	0	0	0	0	0	0	0	0	0	0	0	0	0	0	0	0	0	0	0	0	0	0	0	0	0	0	0	3	0	0	0	0	0	2	0	0	0	0	0	0.333333	0	0	0	0	0	0	0	2	2	2	3	0	0	
0x7f3fa4012000	5	R	0.2	Local/Remote	0	0	0	0	0.2	0	0	0	0	0	0	0	0	0	0	0	0	0	0	0	0	0	0	0.2	0	0	0	0	0	0	0.2	0.2	0	0	0	0	0.2	0	0	0	0	0	0	0	0	0	0	0	0	0	0	0	0	0	0	0	0	0	0	0	0	0	0	0	RW	5	0	0	0	0	2	0	0	0	0	0	0	0	0	0	0	0	0	0	0	0	0	0	0	2	0	0	0	0	0	0	2	2	0	0	0	0	2	0	0	0	0	0	0	0	0	0	0	0	0	0	0	0	0	0	0	0	0	0	0	0	0	0	0	0	
0x7f3fa8000000	5	R	0.3125	Local/Remote	0.2	0.2	0.2	0	0	0	0	0	0	0	0	0	0	0	0	0	0	0	0	0	0	0	0	0	0	0	0	0	0	0	0	0	0	0	0.2	0	0	0	0	0.2	0	0	0	0	0	0	0	0	0	0	0	0	0	0	0	0	0	0	0	0	0	0	0	0	RW	3.2	1	1	1	0	0	0	0	0	0	0	0	0	0	0	0	0	0	0	0	0	0	0	0	0	0	0	0	0	0	0	0	0	0	0	1	0	0	0	0	1	0	0	0	0	0	0	0	0	0	0	0	0	0	0	0	0	0	0	0	0	0	0	0	0	
0x7f3fa8001000	37	R	0.251701	Local/Remote	0	0	0.0540541	0	0.027027	0	0.027027	0.027027	0.0540541	0	0.027027	0	0.027027	0.027027	0.027027	0	0.0540541	0	0	0	0	0	0	0.0540541	0	0.027027	0	0	0	0	0.027027	0.027027	0.027027	0	0.027027	0.027027	0	0	0	0	0	0	0.0810811	0.0810811	0	0	0	0	0.0540541	0	0.027027	0.0540541	0.027027	0	0	0	0	0.027027	0.027027	0	0	0.027027	0.027027	0	RW	3.97297	0	0	0.5	0	1	0	1	1	0.5	0	1	0	1	1	1	0	0.5	0	0	0	0	0	0	0.5	0	1	0	0	0	0	1	1	1	0	1	1	0	0	0	0	0	0	0.333333	0.333333	0	0	0	0	0.5	0	1	0.5	1	0	0	0	0	1	1	0	0	1	1	0	
0x7f3fa8002000	74	R	0.685185	Local/Remote	0.0135135	0.0135135	0.0135135	0.027027	0.0135135	0.0405405	0.0405405	0.0135135	0.0135135	0.0135135	0	0	0.0135135	0.0135135	0.0405405	0.0135135	0	0.0135135	0.0405405	0	0	0	0.0405405	0	0	0.0135135	0	0	0	0	0.0405405	0.0405405	0	0	0	0	0.0405405	0	0.027027	0	0.0135135	0.027027	0	0	0	0	0	0	0.0405405	0.0405405	0.0405405	0.0405405	0	0.0405405	0.0405405	0	0.0405405	0.0405405	0	0.027027	0.027027	0.027027	0	0.0135135	RW	1.45946	2	1	1	0.5	2	0.333333	0.333333	2	1	2	0	0	1	1	0.333333	1	0	1	0.333333	0	0	0	0.333333	0	0	1	0	0	0	0	0.333333	0.333333	0	0	0	0	0.333333	0	0.5	0	1	0.5	0	0	0	0	0	0	0.333333	0.333333	0.333333	0.333333	0	0.333333	0.333333	0	0.333333	0.333333	0	0.5	0.5	0.5	0	1	
0x7f3fa8003000	35	R	0.224359	Local/Remote	0	0	0	0	0	0	0	0	0	0	0	0.0285714	0	0.0857143	0.0857143	0	0	0	0	0	0	0	0.0571429	0	0	0	0	0	0	0	0	0	0	0	0	0	0	0	0	0.0285714	0	0.0857143	0	0	0.0285714	0	0.0857143	0	0	0.0285714	0	0	0	0	0	0.0285714	0.0571429	0.0571429	0.0857143	0.0857143	0.0857143	0.0857143	0	0	RW	4.45714	0	0	0	0	0	0	0	0	0	0	0	1	0	0.333333	0.333333	0	0	0	0	0	0	0	0.5	0	0	0	0	0	0	0	0	0	0	0	0	0	0	0	0	1	0	0.333333	0	0	1	0	0.333333	0	0	1	0	0	0	0	0	1	0.5	0.5	0.333333	0.333333	0.333333	0.333333	0	0	
0x7f3fa8004000	91	R	0.919192	Local/Remote	0.010989	0.010989	0.032967	0.010989	0.010989	0	0	0.032967	0	0	0.010989	0.021978	0	0	0.032967	0	0.021978	0	0.021978	0.021978	0.010989	0.032967	0.032967	0.010989	0	0.010989	0	0.010989	0	0.010989	0.032967	0.032967	0	0	0	0.032967	0.032967	0.032967	0	0	0.032967	0.032967	0	0.010989	0	0.032967	0.032967	0.032967	0.032967	0.032967	0.032967	0	0.032967	0.032967	0	0.032967	0.032967	0.032967	0.032967	0	0	0	0	0	RW	1.08791	1	1	0.333333	1	1	0	0	0.333333	0	0	1	0.5	0	0	0.333333	0	0.5	0	0.5	0.5	1	0.333333	0.333333	1	0	1	0	1	0	1	0.333333	0.333333	0	0	0	0.333333	0.333333	0.333333	0	0	0.333333	0.333333	0	1	0	0.333333	0.333333	0.333333	0.333333	0.333333	0.333333	0	0.333333	0.333333	0	0.333333	0.333333	0.333333	0.333333	0	0	0	0	0	
0x7f3fa8005000	75	R	0.646552	Local/Remote	0.04	0.04	0.04	0.04	0.04	0	0.0266667	0	0.0266667	0	0.04	0	0	0.04	0.04	0.0266667	0.0133333	0.0133333	0.0133333	0.0133333	0.0266667	0.0133333	0.0266667	0	0	0	0.0266667	0	0	0.0266667	0.0266667	0.0133333	0.0133333	0.0266667	0	0.0133333	0.0266667	0	0	0	0.0133333	0	0.0133333	0	0.0133333	0	0.0133333	0	0.04	0	0	0	0	0.0133333	0	0	0.0133333	0	0.04	0.04	0.0133333	0.04	0.04	0.0133333	RW	1.54667	0.333333	0.333333	0.333333	0.333333	0.333333	0	0.5	0	0.5	0	0.333333	0	0	0.333333	0.333333	0.5	1	1	1	1	0.5	1	0.5	0	0	0	0.5	0	0	0.5	0.5	1	1	0.5	0	1	0.5	0	0	0	1	0	1	0	1	0	1	0	0.333333	0	0	0	0	1	0	0	1	0	0.333333	0.333333	1	0.333333	0.333333	1	
0x7f3fa8006000	85	R	0.794393	Local/Remote	0.0117647	0.0235294	0.0352941	0.0352941	0.0117647	0.0117647	0	0.0235294	0.0235294	0.0235294	0.0235294	0.0352941	0.0117647	0	0.0352941	0	0.0117647	0.0117647	0.0117647	0.0117647	0.0117647	0.0117647	0	0.0117647	0.0235294	0	0.0352941	0.0352941	0.0117647	0.0117647	0.0117647	0	0.0117647	0	0.0117647	0.0352941	0.0352941	0.0352941	0.0352941	0.0352941	0	0.0117647	0	0.0117647	0.0117647	0.0117647	0.0352941	0.0352941	0.0352941	0	0.0117647	0	0.0117647	0.0117647	0.0117647	0.0117647	0.0117647	0.0117647	0	0.0117647	0	0.0117647	0.0117647	0.0117647	RW	1.25882	1	0.5	0.333333	0.333333	1	1	0	0.5	0.5	0.5	0.5	0.333333	1	0	0.333333	0	1	1	1	1	1	1	0	1	0.5	0	0.333333	0.333333	1	1	1	0	1	0	1	0.333333	0.333333	0.333333	0.333333	0.333333	0	1	0	1	1	1	0.333333	0.333333	0.333333	0	1	0	1	1	1	1	1	1	0	1	0	1	1	1	
0x7f3fa8007000	128	R	2.06452	Local/Remote	0.0078125	0.015625	0.015625	0.0234375	0.015625	0	0.015625	0.015625	0.015625	0.0234375	0.0234375	0.015625	0	0.0234375	0.0234375	0.0234375	0.0234375	0.0234375	0.0234375	0.0234375	0.0234375	0.0234375	0.0234375	0	0.015625	0.015625	0.015625	0.015625	0.015625	0.015625	0.0078125	0.015625	0.0078125	0.015625	0.0078125	0.0078125	0.015625	0.015625	0.015625	0.0078125	0.0078125	0.0234375	0.0078125	0.0234375	0.0078125	0.0078125	0.0078125	0.0234375	0.0234375	0.0234375	0	0.015625	0.015625	0.015625	0.0078125	0.015625	0.0078125	0.0234375	0.0234375	0.0234375	0.0234375	0.0078125	0.0078125	0.0234375	RW	0.484375	1	0.5	0.5	0.333333	0.5	0	0.5	0.5	0.5	0.333333	0.333333	0.5	0	0.333333	0.333333	0.333333	0.333333	0.333333	0.333333	0.333333	0.333333	0.333333	0.333333	0	0.5	0.5	0.5	0.5	0.5	0.5	1	0.5	1	0.5	1	1	0.5	0.5	0.5	1	1	0.333333	1	0.333333	1	1	1	0.333333	0.333333	0.333333	0	0.5	0.5	0.5	1	0.5	1	0.333333	0.333333	0.333333	0.333333	1	1	0.333333	
0x7f3fa8008000	98	R	1.10112	Local/Remote	0.0306122	0.0306122	0	0.0102041	0	0.0204082	0.0204082	0.0204082	0.0204082	0.0204082	0.0204082	0	0.0102041	0	0.0204082	0.0204082	0.0204082	0.0204082	0.0204082	0.0204082	0.0306122	0.0204082	0.0102041	0.0204082	0.0204082	0.0306122	0.0102041	0.0306122	0.0204082	0.0102041	0.0204082	0.0102041	0.0204082	0.0204082	0.0204082	0.0204082	0.0204082	0.0204082	0.0102041	0.0102041	0.0102041	0.0306122	0.0102041	0.0102041	0.0306122	0.0306122	0.0102041	0	0.0102041	0.0306122	0.0306122	0	0.0204082	0	0	0.0204082	0	0.0204082	0.0102041	0	0	0	0	0.0204082	RW	0.908163	0.333333	0.333333	0	1	0	0.5	0.5	0.5	0.5	0.5	0.5	0	1	0	0.5	0.5	0.5	0.5	0.5	0.5	0.333333	0.5	1	0.5	0.5	0.333333	1	0.333333	0.5	1	0.5	1	0.5	0.5	0.5	0.5	0.5	0.5	1	1	1	0.333333	1	1	0.333333	0.333333	1	0	1	0.333333	0.333333	0	0.5	0	0	0.5	0	0.5	1	0	0	0	0	0.5	
0x7f3fa8009000	81	R	0.786408	Local/Remote	0.0246914	0	0.0123457	0.037037	0.0246914	0	0.0246914	0	0	0	0.0123457	0.0123457	0.0123457	0.0123457	0.0123457	0.0246914	0.0123457	0.0123457	0	0.0123457	0.0123457	0	0.0246914	0.0246914	0.0246914	0.0246914	0.0123457	0.0123457	0.0123457	0.0246914	0	0.0246914	0.0123457	0.0123457	0.0246914	0.0246914	0.0246914	0.0246914	0.0246914	0	0.0246914	0.0123457	0.0246914	0.0123457	0.037037	0.0123457	0.0123457	0.0246914	0	0.0123457	0.0246914	0.0123457	0.0123457	0.0123457	0.0123457	0	0.037037	0.0123457	0.037037	0.0123457	0.0123457	0.0123457	0.0246914	0.0123457	RW	1.2716	0.5	0	1	0.333333	0.5	0	0.5	0	0	0	1	1	1	1	1	0.5	1	1	0	1	1	0	0.5	0.5	0.5	0.5	1	1	1	0.5	0	0.5	1	2	0.5	0.5	0.5	0.5	0.5	0	0.5	1	0.5	1	0.333333	1	1	0.5	0	1	0.5	2	1	1	1	0	0.333333	1	0.333333	1	1	1	0.5	1	
0x7f3fa800a000	68	R	1.61905	Local/Remote	0	0.0147059	0.0147059	0.0294118	0.0441176	0.0441176	0.0441176	0.0294118	0	0	0	0	0.0294118	0.0294118	0.0441176	0	0.0441176	0.0147059	0.0147059	0.0294118	0.0147059	0.0294118	0.0294118	0	0	0	0	0	0	0	0	0.0294118	0.0294118	0.0294118	0.0294118	0.0147059	0	0	0.0147059	0	0	0.0147059	0.0147059	0	0.0294118	0.0294118	0	0	0.0294118	0	0	0.0294118	0.0294118	0	0	0	0	0.0294118	0.0294118	0.0294118	0.0294118	0.0294118	0	0.0294118	RW	0.617647	0	2	1	0.5	0.333333	0.333333	0.333333	0.5	0	0	0	0	0.5	0.5	0.333333	0	0.333333	1	1	0.5	1	0.5	0.5	0	0	0	0	0	0	0	0	0.5	0.5	0.5	0.5	1	0	0	1	0	0	1	1	0	0.5	0.5	0	0	0.5	0	0	0.5	0.5	0	0	0	0	0.5	0.5	0.5	0.5	0.5	0	0.5	
0x7f3fa800b000	73	R	1.58696	Local/Remote	0.0273973	0.0273973	0	0	0.0273973	0.0273973	0.0273973	0.0273973	0	0.0136986	0.0273973	0.0136986	0.0273973	0.0273973	0.0273973	0.0273973	0	0.0273973	0.0273973	0.0273973	0	0.0273973	0.0273973	0.0273973	0	0	0	0	0.0273973	0.0273973	0	0	0	0.0273973	0.0273973	0.0273973	0.0136986	0.0136986	0.0136986	0.0136986	0	0.0136986	0.0136986	0.0136986	0	0.0273973	0	0	0	0.0136986	0.0273973	0.0273973	0.0273973	0	0.0136986	0.0136986	0.0136986	0.0136986	0.0136986	0.0136986	0.0136986	0.0136986	0.0136986	0.0273973	RW	0.630137	0.5	0.5	0	0	0.5	0.5	0.5	0.5	0	1	0.5	1	0.5	0.5	0.5	0.5	0	0.5	0.5	0.5	0	0.5	0.5	0.5	0	0	0	0	0.5	0.5	0	0	0	0.5	0.5	0.5	1	1	1	1	0	1	1	1	0	0.5	0	0	0	1	0.5	0.5	0.5	0	1	1	1	1	1	1	1	1	1	0.5	
0x7f3fa800c000	83	R	0.783019	Local/Remote	0.0120482	0.0120482	0.0240964	0.0240964	0.0120482	0.0120482	0.0120482	0.0120482	0.0120482	0.0120482	0.0240964	0.0240964	0.0120482	0.0120482	0.0120482	0.0120482	0.0120482	0.0240964	0.0120482	0.0240964	0.0240964	0.0240964	0.0120482	0.0120482	0.0240964	0.0120482	0.0361446	0.0120482	0.0120482	0.0120482	0.0120482	0.0240964	0.0120482	0.0120482	0	0.0240964	0.0120482	0.0120482	0.0120482	0.0120482	0	0.0120482	0.0120482	0	0.0240964	0.0120482	0.0240964	0.0120482	0.0240964	0.0240964	0.0240964	0.0240964	0	0.0361446	0.0120482	0.0120482	0.0120482	0	0.0240964	0.0240964	0.0240964	0.0120482	0.0240964	0	RW	1.27711	1	1	0.5	0.5	1	1	1	1	1	1	0.5	0.5	1	1	1	1	1	0.5	1	0.5	0.5	0.5	1	1	0.5	1	0.333333	1	1	1	1	0.5	1	1	0	0.5	1	1	1	1	0	1	1	0	0.5	1	0.5	1	0.5	0.5	0.5	0.5	0	0.333333	1	1	1	0	0.5	0.5	0.5	1	0.5	0	
0x7f3fa800d000	91	R	1.12346	Local/Remote	0.021978	0.021978	0.032967	0.021978	0.021978	0.021978	0.010989	0.021978	0.010989	0.021978	0.021978	0.021978	0.021978	0.010989	0.021978	0.021978	0.021978	0.010989	0.032967	0.010989	0.021978	0.021978	0	0.021978	0	0.021978	0	0.010989	0.021978	0.021978	0.021978	0.021978	0.021978	0.010989	0.021978	0.010989	0.010989	0.021978	0.010989	0.021978	0	0.010989	0	0	0.010989	0.021978	0.010989	0	0.021978	0.010989	0	0.010989	0.021978	0.021978	0.010989	0.021978	0.021978	0.010989	0.021978	0.021978	0	0.021978	0	0	RW	0.89011	0.5	0.5	0.333333	0.5	0.5	0.5	1	0.5	1	0.5	0.5	0.5	0.5	1	0.5	0.5	0.5	1	0.333333	1	0.5	0.5	0	0.5	0	0.5	0	1	0.5	0.5	0.5	0.5	0.5	1	0.5	2	1	0.5	1	0.5	0	2	0	0	2	0.5	1	0	0.5	2	0	1	0.5	0.5	1	0.5	0.5	1	0.5	0.5	0	0.5	0	0	
0x7f3fa800e000	72	R	0.734694	Local/Remote	0.0277778	0.0277778	0.0277778	0	0.0138889	0	0	0.0138889	0.0416667	0.0138889	0	0.0138889	0.0138889	0.0138889	0.0138889	0.0138889	0.0138889	0.0277778	0.0138889	0.0277778	0.0138889	0.0138889	0.0138889	0	0.0138889	0.0138889	0.0138889	0	0	0.0138889	0.0416667	0.0138889	0	0.0138889	0	0.0416667	0.0277778	0.0277778	0.0138889	0.0138889	0.0138889	0.0138889	0.0138889	0.0416667	0.0138889	0.0138889	0.0277778	0.0138889	0.0277778	0.0277778	0	0.0277778	0.0138889	0.0138889	0	0.0277778	0	0.0416667	0.0138889	0.0277778	0	0	0.0138889	0	RW	1.36111	0.5	0.5	0.5	0	2	0	0	1	0.333333	2	0	2	2	2	2	1	2	0.5	1	0.5	1	2	2	0	1	1	1	0	0	1	0.333333	1	0	1	0	0.333333	0.5	0.5	2	1	1	1	1	0.333333	1	1	0.5	1	0.5	0.5	0	0.5	1	1	0	0.5	0	0.333333	1	0.5	0	0	1	0	
0x7f3fa800f000	53	R	0.481818	Local/Remote	0.0188679	0	0.0377358	0.0188679	0.0188679	0.0377358	0.0188679	0.0377358	0.0377358	0.0377358	0.0377358	0.0377358	0.0377358	0.0188679	0.0377358	0.0377358	0.0377358	0.0377358	0.0377358	0.0377358	0.0377358	0.0377358	0.0188679	0	0	0	0	0	0	0.0188679	0	0	0.0188679	0.0188679	0.0188679	0	0	0	0	0.0188679	0	0.0377358	0	0.0188679	0.0188679	0.0188679	0	0	0	0	0	0	0	0.0188679	0	0	0	0	0.0188679	0.0188679	0	0.0188679	0.0188679	0	RW	2.07547	1	0	0.5	1	1	0.5	1	0.5	0.5	0.5	0.5	0.5	0.5	1	0.5	0.5	0.5	0.5	0.5	0.5	0.5	0.5	1	0	0	0	0	0	0	1	0	0	3	1	1	0	0	0	0	1	0	0.5	0	1	1	1	0	0	0	0	0	0	0	1	0	0	0	0	1	1	0	1	1	0	
0x7f3fa8010000	82	R	1.09333	Local/Remote	0	0.0365854	0.0365854	0.0365854	0.0121951	0	0.0121951	0.0121951	0.0121951	0.0121951	0.0243902	0.0243902	0.0365854	0	0.0121951	0	0.0365854	0.0365854	0.0365854	0.0243902	0.0121951	0	0.0121951	0.0121951	0.0121951	0.0121951	0.0121951	0	0.0243902	0	0.0243902	0.0121951	0.0243902	0.0243902	0.0121951	0.0243902	0.0243902	0.0243902	0.0121951	0.0121951	0.0243902	0.0243902	0.0243902	0	0	0	0	0.0121951	0.0365854	0.0365854	0.0121951	0.0121951	0.0365854	0.0121951	0.0121951	0.0121951	0.0243902	0.0121951	0	0	0	0.0121951	0	0	RW	0.914634	0	0.333333	0.333333	0.333333	1	0	1	1	2	1	0.5	0.5	0.333333	0	2	0	0.333333	0.333333	0.333333	1	2	0	1	2	1	1	1	0	0.5	0	0.5	2	0.5	0.5	1	0.5	0.5	0.5	1	2	0.5	0.5	0.5	0	0	0	0	2	0.333333	0.333333	2	1	0.333333	2	2	2	0.5	1	0	0	0	1	0	0	
0x7f3fa8011000	12	R	0.153846	Local/Remote	0.0833333	0	0	0	0	0.25	0	0	0	0	0	0	0	0	0	0	0	0	0	0	0	0	0.0833333	0	0	0	0	0	0	0	0	0	0.0833333	0	0	0	0	0	0	0.0833333	0	0	0.0833333	0	0	0	0	0	0	0	0.25	0	0	0	0	0	0	0	0	0	0	0	0.0833333	0	RW	6.5	2	0	0	0	0	0.333333	0	0	0	0	0	0	0	0	0	0	0	0	0	0	0	0	1	0	0	0	0	0	0	0	0	0	1	0	0	0	0	0	0	1	0	0	1	0	0	0	0	0	0	0	0.333333	0	0	0	0	0	0	0	0	0	0	0	1	0	
0x7f3fa8012000	9	R	0.3	Local/Remote	0.111111	0	0	0	0	0	0	0	0	0	0.111111	0	0	0.222222	0	0	0	0	0	0	0	0.111111	0.111111	0	0	0	0	0.111111	0.111111	0	0	0	0	0	0	0	0	0.111111	0	0	0	0	0	0	0	0	0	0	0	0	0	0	0	0	0	0	0	0	0	0	0	0	0	0	RW	3.33333	1	0	0	0	0	0	0	0	0	0	1	0	0	0.5	0	0	0	0	0	0	0	1	1	0	0	0	0	1	1	0	0	0	0	0	0	0	0	1	0	0	0	0	0	0	0	0	0	0	0	0	0	0	0	0	0	0	0	0	0	0	0	0	0	0	
0x7f3fb0000000	5	R	0.277778	Local/Remote	0.2	0.2	0.2	0	0	0	0	0	0	0	0	0	0	0	0	0	0	0	0	0	0	0	0	0	0	0	0	0	0	0	0	0	0	0	0.2	0	0	0	0	0.2	0	0	0	0	0	0	0	0	0	0	0	0	0	0	0	0	0	0	0	0	0	0	0	0	RW	3.6	1	1	1	0	0	0	0	0	0	0	0	0	0	0	0	0	0	0	0	0	0	0	0	0	0	0	0	0	0	0	0	0	0	0	1	0	0	0	0	1	0	0	0	0	0	0	0	0	0	0	0	0	0	0	0	0	0	0	0	0	0	0	0	0	
0x7f3fb0001000	32	R	0.246154	Local/Remote	0	0	0	0	0.03125	0.03125	0	0.03125	0	0.0625	0.03125	0	0.03125	0	0.03125	0	0	0.0625	0	0.0625	0.0625	0	0	0	0	0.03125	0	0	0.03125	0	0	0	0	0.03125	0.0625	0.03125	0.03125	0.0625	0	0	0	0.03125	0	0	0	0	0.03125	0.03125	0	0	0.0625	0	0.03125	0	0.03125	0	0.03125	0	0	0.03125	0	0	0	0	RW	4.0625	0	0	0	0	1	1	0	1	0	0.5	1	0	1	0	1	0	0	0.5	0	0.5	0.5	0	0	0	0	2	0	0	1	0	0	0	0	1	0.5	1	1	0.5	0	0	0	1	0	0	0	0	1	1	0	0	0.5	0	2	0	1	0	1	0	0	1	0	0	0	0	
0x7f3fb0002000	38	R	0.319328	Local/Remote	0	0	0.0263158	0	0	0	0	0	0.0263158	0	0.0263158	0	0.0263158	0.0263158	0	0	0	0	0	0	0	0.0263158	0.0789474	0.0263158	0	0	0	0	0	0	0.0789474	0.0789474	0	0	0	0	0.0789474	0	0	0.0263158	0	0	0.0263158	0.0526316	0	0	0	0	0	0	0.0789474	0.0789474	0.0263158	0.0789474	0	0	0	0.0789474	0.0263158	0	0.0263158	0	0	0	RW	3.13158	0	0	2	0	0	0	0	0	2	0	1	0	2	2	0	0	0	0	0	0	0	1	0.333333	1	0	0	0	0	0	0	0.333333	0.333333	0	0	0	0	0.333333	0	0	1	0	0	1	0.5	0	0	0	0	0	0	0.333333	0.333333	1	0.333333	0	0	0	0.333333	1	0	2	0	0	0	
0x7f3fb0003000	42	R	0.297872	Local/Remote	0	0.0238095	0.0238095	0.0238095	0.0238095	0.0238095	0	0.0238095	0.0238095	0	0.0238095	0	0	0.0714286	0.0714286	0.0238095	0.0238095	0	0	0.0238095	0.0238095	0.0238095	0.0238095	0	0.0238095	0.0238095	0.0238095	0	0.0238095	0	0	0	0	0.0238095	0	0.0238095	0.0238095	0.0238095	0.0238095	0	0	0	0.0238095	0	0	0	0	0.0238095	0.0238095	0.0238095	0.0238095	0.0238095	0	0.0238095	0	0.0238095	0	0	0	0	0	0.0714286	0.0238095	0.0238095	RW	3.35714	0	1	1	1	1	1	0	1	1	0	1	0	0	0.333333	0.333333	1	1	0	0	1	1	1	2	0	1	1	1	0	1	0	0	0	0	1	0	1	1	1	1	0	0	0	1	0	0	0	0	1	1	1	1	1	0	1	0	1	0	0	0	0	0	0.333333	1	1	
0x7f3fb0004000	35	R	0.265152	Local/Remote	0	0.0285714	0	0	0	0.0285714	0	0	0	0.0285714	0	0	0	0	0	0	0	0	0	0	0.0285714	0.0857143	0.0857143	0.0285714	0	0	0	0	0.0571429	0.0285714	0.0857143	0.0857143	0	0	0.0285714	0	0.0857143	0.0285714	0.0285714	0	0	0	0.0285714	0	0	0.0285714	0.0285714	0	0	0	0	0	0	0	0	0	0	0.0857143	0	0.0285714	0	0.0285714	0	0.0285714	RW	3.77143	0	1	0	0	0	1	0	0	0	1	0	0	0	0	0	0	0	0	0	0	2	0.333333	0.333333	2	0	0	0	0	0.5	1	0.333333	0.333333	0	0	2	0	0.333333	1	2	0	0	0	1	0	0	1	1	0	0	0	0	0	0	0	0	0	0	0.333333	0	1	0	1	0	1	
0x7f3fb0005000	36	R	0.305085	Local/Remote	0.0833333	0	0	0	0.0833333	0	0	0	0	0.0555556	0	0.0277778	0.0277778	0	0.0833333	0	0	0.0277778	0.0277778	0	0	0	0	0.0277778	0	0	0.0555556	0	0	0	0	0	0	0	0.0277778	0	0	0.0277778	0.0277778	0.0277778	0.0277778	0	0.0277778	0	0.0277778	0.0277778	0.0277778	0.0555556	0.0277778	0.0277778	0	0	0.0277778	0.0277778	0.0277778	0.0277778	0	0	0	0	0.0277778	0	0	0	RW	3.27778	0.333333	0	0	0	0.333333	0	0	0	0	0.5	0	1	1	0	0.333333	0	0	2	2	0	0	0	0	1	0	0	0.5	0	0	0	0	0	0	0	1	0	0	1	1	1	1	0	1	0	2	1	2	0.5	1	1	0	0	1	2	1	2	0	0	0	0	1	0	0	0	
0x7f3fb0006000	16	R	0.133333	Local/Remote	0	0	0.1875	0	0	0	0	0	0	0	0	0.1875	0.0625	0	0	0.0625	0	0	0	0	0	0	0	0	0	0.0625	0.0625	0.0625	0.0625	0.0625	0	0	0	0	0	0	0	0	0	0	0.0625	0	0	0	0	0	0	0	0	0	0	0.125	0	0	0	0	0	0	0	0	0	0	0	0	RW	7.5	0	0	0.333333	0	0	0	0	0	0	0	0	0.333333	1	0	0	1	0	0	0	0	0	0	0	0	0	1	1	1	1	1	0	0	0	0	0	0	0	0	0	0	1	0	0	0	0	0	0	0	0	0	0	0.5	0	0	0	0	0	0	0	0	0	0	0	0	
0x7f3fb0007000	21	R	0.192661	Local/Remote	0	0	0	0	0	0.047619	0	0	0	0	0	0	0	0	0	0	0	0	0	0	0	0.142857	0	0.047619	0	0	0	0	0	0	0.047619	0	0	0	0	0.047619	0	0	0	0	0	0	0.047619	0	0.047619	0	0	0	0.142857	0	0	0	0	0	0	0	0.047619	0	0	0.142857	0	0.047619	0.047619	0.142857	RW	5.19048	0	0	0	0	0	1	0	0	0	0	0	0	0	0	0	0	0	0	0	0	0	0.333333	0	1	0	0	0	0	0	0	2	0	0	0	0	2	0	0	0	0	0	0	2	0	2	0	0	0	0.333333	0	0	0	0	0	0	0	2	0	0	0.333333	0	2	2	0.333333	
0x7f3fb0008000	30	R	0.322581	Local/Remote	0.1	0	0	0.0333333	0	0	0	0	0	0	0	0	0	0.0333333	0	0	0	0	0	0	0	0	0.0333333	0	0	0.1	0	0.1	0	0	0	0	0	0	0	0	0	0	0	0.0333333	0	0.1	0.0333333	0	0.1	0.1	0.0333333	0	0	0.1	0.1	0	0	0	0	0	0	0	0	0	0	0	0	0	RW	3.1	0.333333	0	0	2	0	0	0	0	0	0	0	0	0	1	0	0	0	0	0	0	0	0	2	0	0	0.333333	0	0.333333	0	0	0	0	0	0	0	0	0	0	0	1	0	0.333333	1	0	0.333333	0.333333	1	0	0	0.333333	0.333333	0	0	0	0	0	0	0	0	0	0	0	0	0	
0x7f3fb0009000	9	R	0.0789474	Local/Remote	0	0	0	0.333333	0	0	0	0	0	0	0	0	0	0	0	0	0	0	0.111111	0	0	0	0	0	0	0	0.111111	0.111111	0.111111	0	0	0	0	0	0	0	0	0	0	0	0	0	0	0.111111	0	0.111111	0	0	0	0	0	0	0	0	0	0	0	0	0	0	0	0	0	0	RW	12.6667	0	0	0	0.333333	0	0	0	0	0	0	0	0	0	0	0	0	0	0	1	0	0	0	0	0	0	0	1	1	1	0	0	0	0	0	0	0	0	0	0	0	0	0	0	1	0	1	0	0	0	0	0	0	0	0	0	0	0	0	0	0	0	0	0	0	
0x7f3fb000a000	19	R	0.180952	Local/Remote	0	0	0	0	0	0	0	0	0.105263	0.105263	0.105263	0	0	0.0526316	0	0.0526316	0	0	0	0	0	0	0.0526316	0	0	0	0.0526316	0.0526316	0	0	0	0	0	0	0	0	0	0	0	0	0	0	0	0	0	0.105263	0	0	0	0	0	0	0.105263	0	0	0	0	0	0.0526316	0.0526316	0	0	0	0.105263	RW	5.52632	0	0	0	0	0	0	0	0	0.5	0.5	0.5	0	0	1	0	1	0	0	0	0	0	0	1	0	0	0	1	1	0	0	0	0	0	0	0	0	0	0	0	0	0	0	0	0	0	0.5	0	0	0	0	0	0	0.5	0	0	0	0	0	1	1	0	0	0	0.5	
0x7f3fb000b000	27	R	0.306818	Local/Remote	0.0740741	0.0740741	0	0	0	0.0740741	0.0740741	0	0	0	0.037037	0	0.037037	0.0740741	0.0740741	0.037037	0	0.0740741	0	0.037037	0	0.037037	0	0.0740741	0	0	0	0	0.037037	0.037037	0	0	0	0.0740741	0.0740741	0	0	0	0	0	0	0	0	0	0	0	0	0	0	0	0	0	0	0	0	0	0	0	0	0	0	0	0	0	RW	3.25926	0.5	0.5	0	0	0	0.5	0.5	0	0	0	1	0	1	0.5	0.5	1	0	0.5	0	1	0	1	0	0.5	0	0	0	0	1	1	0	0	0	0.5	0.5	0	0	0	0	0	0	0	0	0	0	0	0	0	0	0	0	0	0	0	0	0	0	0	0	0	0	0	0	0	
0x7f3fb000c000	1	R	0.00833333	Local/Remote	0	0	0	0	0	0	0	0	0	0	0	0	0	0	0	0	0	0	0	0	0	0	0	0	0	0	0	0	0	0	0	0	0	0	0	0	0	0	0	0	0	1	0	0	0	0	0	0	0	0	0	0	0	0	0	0	0	0	0	0	0	0	0	0	RW	120	0	0	0	0	0	0	0	0	0	0	0	0	0	0	0	0	0	0	0	0	0	0	0	0	0	0	0	0	0	0	0	0	0	0	0	0	0	0	0	0	0	1	0	0	0	0	0	0	0	0	0	0	0	0	0	0	0	0	0	0	0	0	0	0	
0x7f3fb000d000	2	R	0.0229885	Local/Remote	0	0	0	0	0	0	0	0	0	0	0	0	0	0	0	0	0	0	0	0	0	0	0	0	0	0	0	0.5	0	0	0	0	0	0.5	0	0	0	0	0	0	0	0	0	0	0	0	0	0	0	0	0	0	0	0	0	0	0	0	0	0	0	0	0	0	RW	43.5	0	0	0	0	0	0	0	0	0	0	0	0	0	0	0	0	0	0	0	0	0	0	0	0	0	0	0	1	0	0	0	0	0	1	0	0	0	0	0	0	0	0	0	0	0	0	0	0	0	0	0	0	0	0	0	0	0	0	0	0	0	0	0	0	
0x7f3fb000e000	11	R	0.0894309	Local/Remote	0	0	0	0	0	0	0	0	0	0	0	0	0	0	0	0	0	0	0	0	0	0	0	0	0	0.0909091	0.0909091	0	0	0	0	0	0	0	0	0	0	0	0	0	0.0909091	0	0.0909091	0.272727	0.0909091	0.0909091	0	0.0909091	0	0	0	0	0	0	0	0	0.0909091	0	0	0	0	0	0	0	RW	11.1818	0	0	0	0	0	0	0	0	0	0	0	0	0	0	0	0	0	0	0	0	0	0	0	0	0	1	1	0	0	0	0	0	0	0	0	0	0	0	0	0	1	0	1	0.333333	1	1	0	1	0	0	0	0	0	0	0	0	1	0	0	0	0	0	0	0	
0x7f3fb0010000	22	R	0.289474	Local/Remote	0	0.136364	0.136364	0	0	0	0	0	0	0	0	0	0.0454545	0	0	0	0.0909091	0.136364	0.136364	0.0454545	0	0	0	0	0	0	0.0454545	0	0	0	0.0909091	0	0	0	0	0	0	0	0	0	0	0	0	0	0	0	0	0	0	0	0	0	0.136364	0	0	0	0	0	0	0	0	0	0	0	RW	3.45455	0	0.333333	0.333333	0	0	0	0	0	0	0	0	0	1	0	0	0	0.5	0.333333	0.333333	1	0	0	0	0	0	0	1	0	0	0	0.5	0	0	0	0	0	0	0	0	0	0	0	0	0	0	0	0	0	0	0	0	0	0.333333	0	0	0	0	0	0	0	0	0	0	0	
0x7f3fb8000000	1	R	0.0714286	Local/Remote	0	0	0	0	0	0	0	0	0	0	0	0	0	0	0	0	0	0	0	0	0	0	0	0	0	0	0	0	0	0	0	0	0	0	0	0	0	0	0	1	0	0	0	0	0	0	0	0	0	0	0	0	0	0	0	0	0	0	0	0	0	0	0	0	RW	14	0	0	0	0	0	0	0	0	0	0	0	0	0	0	0	0	0	0	0	0	0	0	0	0	0	0	0	0	0	0	0	0	0	0	0	0	0	0	0	1	0	0	0	0	0	0	0	0	0	0	0	0	0	0	0	0	0	0	0	0	0	0	0	0	
0x7f3fb8001000	37	R	0.248322	Local/Remote	0	0	0.0540541	0	0.027027	0	0	0	0.0540541	0	0	0	0	0.027027	0	0	0.0540541	0	0	0	0	0	0	0	0	0.0540541	0	0	0	0	0	0	0.027027	0	0	0	0	0	0	0	0	0.027027	0.0810811	0.0810811	0	0	0	0.0540541	0	0	0	0	0.0810811	0.027027	0	0.027027	0	0	0.0810811	0.0540541	0.027027	0.0810811	0.0810811	0	RW	4.02703	0	0	0.5	0	1	0	0	0	0.5	0	0	0	0	1	0	0	0.5	0	0	0	0	0	0	0	0	0.5	0	0	0	0	0	0	1	0	0	0	0	0	0	0	0	1	0.333333	0.333333	0	0	0	0.5	0	0	0	0	0.333333	1	0	1	0	0	0.333333	0.5	1	0.333333	0.333333	0	
0x7f3fb8002000	133	R	2.375	Local/Remote	0.0075188	0	0.0225564	0.0225564	0.0075188	0.0225564	0.0225564	0.0075188	0.0075188	0.0075188	0	0.0075188	0.0225564	0.0225564	0.0225564	0.0150376	0.0150376	0.0150376	0.0225564	0	0.0225564	0.0225564	0.0225564	0.0225564	0.0150376	0	0	0.0150376	0	0.0150376	0.0225564	0.0225564	0.0225564	0.0225564	0.0225564	0.0225564	0.0225564	0.0225564	0	0.0075188	0	0	0.0225564	0.0225564	0.0225564	0.0225564	0	0.0225564	0.0225564	0.0225564	0.0225564	0.0225564	0.0225564	0.0225564	0.0225564	0.0225564	0.0225564	0.0225564	0.0225564	0	0	0	0.0225564	0.0225564	RW	0.421053	1	0	0.333333	0.333333	1	0.333333	0.333333	1	1	1	0	1	0.333333	0.333333	0.333333	0.5	0.5	0.5	0.333333	0	0.333333	0.333333	0.333333	0.333333	0.5	0	0	0.5	0	0.5	0.333333	0.333333	0.333333	0.333333	0.333333	0.333333	0.333333	0.333333	0	1	0	0	0.333333	0.333333	0.333333	0.333333	0	0.333333	0.333333	0.333333	0.333333	0.333333	0.333333	0.333333	0.333333	0.333333	0.333333	0.333333	0.333333	0	0	0	0.333333	0.333333	
0x7f3fb8003000	97	R	1.04301	Local/Remote	0	0.0103093	0.0309278	0.0309278	0.0309278	0.0309278	0.0309278	0	0.0309278	0	0.0309278	0.0309278	0.0309278	0.0309278	0.0309278	0.0309278	0	0.0309278	0.0309278	0	0.0206186	0.0309278	0	0	0	0	0	0	0.0309278	0.0309278	0.0309278	0.0309278	0	0.0103093	0	0	0	0.0309278	0	0	0.0309278	0.0309278	0.0309278	0	0	0.0309278	0.0309278	0	0	0.0309278	0	0	0	0	0	0	0	0	0.0309278	0.0309278	0.0309278	0.0309278	0.0309278	0	RW	0.958763	0	2	0.333333	0.333333	0.333333	0.333333	0.333333	0	0.333333	0	0.333333	0.333333	0.333333	0.333333	0.333333	0.333333	0	0.333333	0.333333	0	0.5	0.333333	0	0	0	0	0	0	0.333333	0.333333	0.333333	0.333333	0	1	0	0	0	0.333333	0	0	0.333333	0.333333	0.333333	0	0	0.333333	0.333333	0	0	0.333333	0	0	0	0	0	0	0	0	0.333333	0.333333	0.333333	0.333333	0.333333	0	
0x7f3fb8004000	141	R	2.87755	Local/Remote	0	0	0.0212766	0	0	0.0212766	0.0212766	0.0212766	0.0212766	0.0212766	0.0212766	0	0.0212766	0.0212766	0.0212766	0.0212766	0	0	0	0	0.0141844	0.0212766	0.0212766	0.0212766	0.0212766	0.0212766	0	0	0.0212766	0.0212766	0.0212766	0.0212766	0.0212766	0	0.0212766	0.0212766	0.0212766	0.0212766	0.0212766	0.0212766	0.0212766	0.0212766	0	0	0.0212766	0.0212766	0.0212766	0.0212766	0.0212766	0.0212766	0.0212766	0	0.0212766	0.0212766	0.0212766	0.0212766	0.0212766	0.0212766	0.0212766	0.0212766	0.0212766	0.0141844	0	0.0141844	RW	0.347518	0	0	0.333333	0	0	0.333333	0.333333	0.333333	0.333333	0.333333	0.333333	0	0.333333	0.333333	0.333333	0.333333	0	0	0	0	0.5	0.333333	0.333333	0.333333	0.333333	0.333333	0	0	0.333333	0.333333	0.333333	0.333333	0.333333	0	0.333333	0.333333	0.333333	0.333333	0.333333	0.333333	0.333333	0.333333	0	0	0.333333	0.333333	0.333333	0.333333	0.333333	0.333333	0.333333	0	0.333333	0.333333	0.333333	0.333333	0.333333	0.333333	0.333333	0.333333	0.333333	0.5	0	0.5	
0x7f3fb8005000	76	R	0.66087	Local/Remote	0.0394737	0.0394737	0.0394737	0.0394737	0.0394737	0.0394737	0	0	0	0.0394737	0.0394737	0.0394737	0.0394737	0.0394737	0.0394737	0.0394737	0.0394737	0.0394737	0.0263158	0.0394737	0.0394737	0	0	0.0131579	0	0	0	0.0394737	0.0394737	0.0263158	0.0263158	0	0	0	0	0	0	0	0	0	0	0	0	0	0	0	0	0	0.0394737	0	0	0	0	0	0	0	0	0	0.0394737	0.0394737	0	0.0394737	0	0	RW	1.51316	0.333333	0.333333	0.333333	0.333333	0.333333	0.333333	0	0	0	0.333333	0.333333	0.333333	0.333333	0.333333	0.333333	0.333333	0.333333	0.333333	0.5	0.333333	0.333333	0	0	1	0	0	0	0.333333	0.333333	0.5	0.5	0	0	0	0	0	0	0	0	0	0	0	0	0	0	0	0	0	0.333333	0	0	0	0	0	0	0	0	0	0.333333	0.333333	0	0.333333	0	0	
0x7f3fb8006000	21	R	0.122807	Local/Remote	0	0	0.142857	0.142857	0	0	0	0	0	0	0	0.142857	0	0	0.142857	0	0	0	0	0	0	0	0	0	0	0	0	0	0	0	0	0	0	0	0	0.142857	0	0	0.142857	0.142857	0	0	0	0	0	0	0	0	0	0	0	0	0	0	0	0	0	0	0	0	0	0	0	0	RW	8.14286	0	0	0.333333	0.333333	0	0	0	0	0	0	0	0.333333	0	0	0.333333	0	0	0	0	0	0	0	0	0	0	0	0	0	0	0	0	0	0	0	0	0.333333	0	0	0.333333	0.333333	0	0	0	0	0	0	0	0	0	0	0	0	0	0	0	0	0	0	0	0	0	0	0	0	
0x7f3fb8007000	67	R	0.54918	Local/Remote	0	0	0	0.0447761	0	0	0	0	0	0.0447761	0.0447761	0	0	0.0447761	0.0447761	0.0447761	0.0447761	0.0447761	0.0447761	0.0447761	0.0447761	0.0447761	0.0447761	0	0	0	0	0	0	0	0	0	0	0	0	0	0	0	0	0	0	0.0447761	0	0.0447761	0	0	0	0.0447761	0.0447761	0.0447761	0	0	0	0	0	0	0	0.0447761	0.0447761	0.0447761	0.0149254	0	0	0.0447761	RW	1.83582	0	0	0	0.333333	0	0	0	0	0	0.333333	0.333333	0	0	0.333333	0.333333	0.333333	0.333333	0.333333	0.333333	0.333333	0.333333	0.333333	0.333333	0	0	0	0	0	0	0	0	0	0	0	0	0	0	0	0	0	0	0.333333	0	0.333333	0	0	0	0.333333	0.333333	0.333333	0	0	0	0	0	0	0	0.333333	0.333333	0.333333	2	0	0	0.333333	
0x7f3fb8008000	30	R	0.191083	Local/Remote	0.1	0.1	0	0	0	0	0	0	0	0	0	0	0	0	0	0	0	0	0	0	0.1	0	0	0	0	0.1	0	0.1	0	0	0	0	0	0	0	0	0	0	0	0	0	0.1	0	0	0.1	0.1	0	0	0	0.1	0.1	0	0	0	0	0	0	0	0	0	0	0	0	0	RW	5.23333	0.333333	0.333333	0	0	0	0	0	0	0	0	0	0	0	0	0	0	0	0	0	0	0.333333	0	0	0	0	0.333333	0	0.333333	0	0	0	0	0	0	0	0	0	0	0	0	0	0.333333	0	0	0.333333	0.333333	0	0	0	0.333333	0.333333	0	0	0	0	0	0	0	0	0	0	0	0	0	
0x7f3fb8009000	12	R	0.0685714	Local/Remote	0	0	0.0833333	0.25	0	0	0	0	0	0	0	0	0	0	0	0	0	0	0	0	0	0	0	0	0	0	0	0	0	0	0	0	0	0.166667	0	0	0	0	0	0.0833333	0	0	0	0	0.25	0	0	0	0	0	0	0.0833333	0	0	0	0	0	0	0	0	0	0.0833333	0	0	RW	14.5833	0	0	1	0.333333	0	0	0	0	0	0	0	0	0	0	0	0	0	0	0	0	0	0	0	0	0	0	0	0	0	0	0	0	0	0.5	0	0	0	0	0	1	0	0	0	0	0.333333	0	0	0	0	0	0	1	0	0	0	0	0	0	0	0	0	1	0	0	
0x7f3fb800a000	71	R	1.0597	Local/Remote	0.028169	0.0140845	0	0	0	0	0	0.028169	0.028169	0.028169	0.028169	0.028169	0.0140845	0.028169	0.028169	0.028169	0	0	0	0.028169	0	0	0.028169	0.0140845	0.0140845	0.0140845	0.028169	0.028169	0.0140845	0.0140845	0.0140845	0.0140845	0.028169	0	0	0	0.0140845	0.0140845	0	0.0140845	0.0140845	0	0	0.0140845	0.0140845	0.028169	0.0140845	0.0140845	0.028169	0.0140845	0.0140845	0.028169	0.028169	0	0.0140845	0.0140845	0.0140845	0.028169	0.028169	0.028169	0.028169	0.028169	0.0140845	0.028169	RW	0.943662	0.5	1	0	0	0	0	0	0.5	0.5	0.5	0.5	0.5	1	0.5	0.5	0.5	0	0	0	0.5	0	0	0.5	1	1	1	0.5	0.5	1	1	1	1	0.5	0	0	0	1	1	0	1	1	0	0	1	1	0.5	1	1	0.5	1	1	0.5	0.5	0	1	1	1	0.5	0.5	0.5	0.5	0.5	1	0.5	
0x7f3fb800b000	66	R	1.01538	Local/Remote	0.030303	0.030303	0.0151515	0.0151515	0.030303	0.030303	0.030303	0.030303	0.0151515	0	0.030303	0	0.030303	0.030303	0.030303	0.030303	0.0151515	0.030303	0.030303	0.030303	0.0151515	0.030303	0.030303	0.030303	0.0151515	0.030303	0.030303	0.0151515	0.030303	0.030303	0.0151515	0.0151515	0.0151515	0.030303	0.030303	0.030303	0	0	0	0	0	0	0	0	0	0.030303	0	0	0	0	0.030303	0.030303	0.030303	0	0	0	0	0	0	0	0	0	0	0	RW	0.984848	0.5	0.5	1	1	0.5	0.5	0.5	0.5	1	0	0.5	0	0.5	0.5	0.5	0.5	1	0.5	0.5	0.5	1	0.5	0.5	0.5	1	0.5	0.5	1	0.5	0.5	1	1	1	0.5	0.5	0.5	0	0	0	0	0	0	0	0	0	0.5	0	0	0	0	0.5	0.5	0.5	0	0	0	0	0	0	0	0	0	0	0	
0x7f3fb800c000	6	R	0.0327869	Local/Remote	0	0	0	0	0	0	0	0	0	0	0	0	0	0	0	0	0	0	0	0	0	0	0	0	0	0	0.5	0	0	0	0	0	0	0	0	0	0	0	0	0	0	0	0	0	0	0	0	0	0	0	0	0	0	0.5	0	0	0	0	0	0	0	0	0	0	RW	30.5	0	0	0	0	0	0	0	0	0	0	0	0	0	0	0	0	0	0	0	0	0	0	0	0	0	0	0.333333	0	0	0	0	0	0	0	0	0	0	0	0	0	0	0	0	0	0	0	0	0	0	0	0	0	0	0.333333	0	0	0	0	0	0	0	0	0	0	
0x7f3fb800d000	25	R	0.19685	Local/Remote	0	0	0.12	0	0	0	0	0	0	0	0	0	0	0	0	0	0	0	0.12	0	0	0	0	0	0	0	0	0	0	0	0	0	0	0	0	0.04	0.04	0	0	0	0.08	0.04	0.08	0.08	0	0	0	0.08	0	0.04	0.08	0	0	0	0	0	0	0	0	0	0.04	0	0.08	0.08	RW	5.08	0	0	0.333333	0	0	0	0	0	0	0	0	0	0	0	0	0	0	0	0.333333	0	0	0	0	0	0	0	0	0	0	0	0	0	0	0	0	1	1	0	0	0	0.5	1	0.5	0.5	0	0	0	0.5	0	1	0.5	0	0	0	0	0	0	0	0	0	1	0	0.5	0.5	
0x7f3fb800e000	47	R	0.343066	Local/Remote	0	0	0	0.0425532	0.0212766	0.0425532	0.0425532	0	0.0638298	0.0212766	0.0425532	0.0212766	0.0212766	0.0212766	0.0212766	0.0212766	0.0212766	0	0	0	0.0212766	0.0212766	0.0212766	0.0212766	0.0212766	0	0	0	0	0	0.0638298	0	0	0	0	0.0638298	0.0425532	0.0425532	0.0212766	0.0212766	0	0	0	0.0638298	0	0	0	0	0	0	0.0425532	0	0	0	0.0425532	0	0	0.0638298	0.0212766	0	0	0	0	0	RW	2.91489	0	0	0	0.5	1	0.5	0.5	0	0.333333	1	0.5	1	1	1	1	1	1	0	0	0	1	1	1	1	1	0	0	0	0	0	0.333333	0	0	0	0	0.333333	0.5	0.5	1	1	0	0	0	0.333333	0	0	0	0	0	0	0.5	0	0	0	0.5	0	0	0.333333	1	0	0	0	0	0	
0x7f3fb800f000	7	R	0.0534351	Local/Remote	0	0	0	0	0	0	0	0	0	0	0	0	0	0	0	0	0	0	0	0	0	0	0	0	0	0	0	0	0	0	0	0	0	0	0.142857	0	0	0	0	0	0	0	0	0	0	0	0	0	0	0	0	0	0.142857	0	0	0.142857	0	0	0	0	0.142857	0.142857	0.142857	0.142857	RW	18.7143	0	0	0	0	0	0	0	0	0	0	0	0	0	0	0	0	0	0	0	0	0	0	0	0	0	0	0	0	0	0	0	0	0	0	1	0	0	0	0	0	0	0	0	0	0	0	0	0	0	0	0	0	1	0	0	3	0	0	0	0	1	3	3	3	
0x7f3fb8010000	55	R	0.733333	Local/Remote	0	0.0545455	0.0545455	0.0545455	0	0	0	0	0.0181818	0	0	0	0.0545455	0.0363636	0.0363636	0.0363636	0.0545455	0.0545455	0.0545455	0.0545455	0.0181818	0.0181818	0	0.0181818	0	0	0	0	0	0	0.0545455	0.0181818	0	0	0	0	0	0	0	0.0181818	0	0	0	0	0	0	0.0181818	0.0181818	0.0545455	0.0545455	0.0181818	0	0.0545455	0.0181818	0.0181818	0.0181818	0	0	0	0	0	0.0181818	0	0	RW	1.36364	0	0.333333	0.333333	0.333333	0	0	0	0	1	0	0	0	0.333333	0.5	0.5	0.5	0.333333	0.333333	0.333333	0.333333	1	1	0	1	0	0	0	0	0	0	0.333333	1	0	0	0	0	0	0	0	1	0	0	0	0	0	0	1	1	0.333333	0.333333	1	0	0.333333	1	1	1	0	0	0	0	0	1	0	0	
0x7f3fb8011000	8	R	0.266667	Local/Remote	0	0	0	0	0.25	0.375	0	0	0	0	0	0	0	0	0	0	0	0	0	0	0	0	0	0	0	0	0	0	0	0	0	0	0	0	0	0	0	0	0	0	0	0	0	0	0	0	0	0	0	0	0.375	0	0	0	0	0	0	0	0	0	0	0	0	0	RW	3.75	0	0	0	0	0.5	0.333333	0	0	0	0	0	0	0	0	0	0	0	0	0	0	0	0	0	0	0	0	0	0	0	0	0	0	0	0	0	0	0	0	0	0	0	0	0	0	0	0	0	0	0	0	0.333333	0	0	0	0	0	0	0	0	0	0	0	0	0	
0x7f3fc0cd2000	1	R	0.333333	Local/Remote	0	0	0	0	0	0	0	0	0	0	0	0	0	0	0	0	0	0	0	0	0	0	0	0	0	0	0	0	0	1	0	0	0	0	0	0	0	0	0	0	0	0	0	0	0	0	0	0	0	0	0	0	0	0	0	0	0	0	0	0	0	0	0	0	RW	12	0	0	0	0	0	0	0	0	0	0	0	0	0	0	0	0	0	0	0	0	0	0	0	0	0	0	0	0	0	3	0	0	0	0	0	0	0	0	0	0	0	0	0	0	0	0	0	0	0	0	0	0	0	0	0	0	0	0	0	0	0	0	0	0	
0x7f3fc2ee6000	1	R	inf	Local/Remote	0	0	0	0	0	0	0	0	0	0	0	0	0	0	0	0	0	0	0	0	0	0	0	0	0	0	0	0	0	1	0	0	0	0	0	0	0	0	0	0	0	0	0	0	0	0	0	0	0	0	0	0	0	0	0	0	0	0	0	0	0	0	0	0	RW	9	0	0	0	0	0	0	0	0	0	0	0	0	0	0	0	0	0	0	0	0	0	0	0	0	0	0	0	0	0	3	0	0	0	0	0	0	0	0	0	0	0	0	0	0	0	0	0	0	0	0	0	0	0	0	0	0	0	0	0	0	0	0	0	0	
0x7f3fc3ff0000	1	R	inf	Local/Remote	0	0	0	0	0	0	0	0	0	0	0	0	0	0	0	0	0	0	0	0	0	0	0	0	0	0	0	0	0	1	0	0	0	0	0	0	0	0	0	0	0	0	0	0	0	0	0	0	0	0	0	0	0	0	0	0	0	0	0	0	0	0	0	0	RW	9	0	0	0	0	0	0	0	0	0	0	0	0	0	0	0	0	0	0	0	0	0	0	0	0	0	0	0	0	0	3	0	0	0	0	0	0	0	0	0	0	0	0	0	0	0	0	0	0	0	0	0	0	0	0	0	0	0	0	0	0	0	0	0	0	
0x7f3fc8398000	7	R	0.875	Local/Remote	0	0	0	0	0	0	0	0	0	0	0	0	0	0	0	0	0	0	0	0	0	0	0	0	0	0	0	0	0	0	0	0	0	0	0	0	0	0	0	0	0	0	0	0	0	0	0	0	0	0	0	0	0	0	0.142857	0.142857	0.142857	0.142857	0	0.142857	0	0.142857	0	0.142857	RW	1.42857	0	0	0	0	0	0	0	0	0	0	0	0	0	0	0	0	0	0	0	0	0	0	0	0	0	0	0	0	0	0	0	0	0	0	0	0	0	0	0	0	0	0	0	0	0	0	0	0	0	0	0	0	0	0	0	0	0	0	0	0	0	0	0	1	
0x7f3fc8399000	9	R	inf	Local/Remote	0.222222	0.222222	0.222222	0.222222	0.111111	0	0	0	0	0	0	0	0	0	0	0	0	0	0	0	0	0	0	0	0	0	0	0	0	0	0	0	0	0	0	0	0	0	0	0	0	0	0	0	0	0	0	0	0	0	0	0	0	0	0	0	0	0	0	0	0	0	0	0	RW	0	0	0	0	0	1	0	0	0	0	0	0	0	0	0	0	0	0	0	0	0	0	0	0	0	0	0	0	0	0	0	0	0	0	0	0	0	0	0	0	0	0	0	0	0	0	0	0	0	0	0	0	0	0	0	0	0	0	0	0	0	0	0	0	0	
0x7f3fc845e000	1	R	1	Local/Remote	0	0	0	0	0	0	0	0	0	0	0	0	0	0	0	0	0	1	0	0	0	0	0	0	0	0	0	0	0	0	0	0	0	0	0	0	0	0	0	0	0	0	0	0	0	0	0	0	0	0	0	0	0	0	0	0	0	0	0	0	0	0	0	0	RW	0	0	0	0	0	0	0	0	0	0	0	0	0	0	0	0	0	0	0	0	0	0	0	0	0	0	0	0	0	0	0	0	0	0	0	0	0	0	0	0	0	0	0	0	0	0	0	0	0	0	0	0	0	0	0	0	0	0	0	0	0	0	0	0	0	
0x7f3fc8688000	49	R	5.44444	Local/Remote	0	0	0	0	0	0	0	0	0	0	0	0	0	0	0	0	0	0	0	0	0	0.0204082	0.0204082	0.0408163	0.0408163	0	0.0408163	0	0	0	0	0.0204082	0	0	0.0204082	0	0	0	0	0	0.0204082	0.0204082	0.0816327	0.0816327	0.0816327	0	0.0816327	0	0	0	0	0.0816327	0	0.0816327	0.0816327	0.0204082	0.0816327	0	0	0	0	0	0.0816327	0	RW	1.30612	0	0	0	0	0	0	0	0	0	0	0	0	0	0	0	0	0	0	0	0	0	0	0	0	0	0	0	0	0	0	0	1	0	0	1	0	0	0	0	0	1	1	0.25	0.25	0.25	0	0.25	0	0	0	0	0.25	0	0.25	0.25	1	0.25	0	0	0	0	0	0.25	0	
0x7f3fc868a000	51	R	inf	Local/Remote	0.0980392	0.0980392	0.0392157	0.0392157	0.0196078	0.0196078	0.0980392	0.0588235	0.0196078	0.0196078	0.0196078	0.0980392	0.0196078	0.0196078	0.0980392	0.0196078	0.0980392	0.0196078	0.0588235	0.0196078	0	0	0	0	0	0	0	0	0	0	0	0.0196078	0	0	0	0	0	0	0	0	0	0	0	0	0	0	0	0	0	0	0	0	0	0	0	0	0	0	0	0	0	0	0	0	RW	0.215686	0	0	0	0	0	0	0	0	0	0	0	0	0	0	0	0	0	0	0	1	0	0	0	0	0	0	0	0	0	0	0	1	0	0	0	0	0	0	0	0	0	0	0	0	0	0	0	0	0	0	0	0	0	0	0	0	0	0	0	0	0	0	0	0	
0x7f3fc86b3000	40	R	20	Local/Remote	0.025	0.025	0.025	0.025	0.025	0	0	0.025	0	0	0	0.025	0.025	0.025	0.025	0	0	0.025	0.025	0.025	0.025	0.025	0.025	0.025	0.025	0	0.025	0	0	0.025	0	0.05	0	0.025	0.025	0	0	0.05	0.025	0.025	0.025	0.025	0	0.025	0	0	0.025	0	0	0	0.025	0.05	0.025	0.025	0.025	0	0	0.025	0.025	0	0	0	0	0	RW	0.95	1	1	1	1	1	0	0	1	0	0	0	1	0	1	1	0	0	1	1	1	1	1	1	1	1	0	1	0	0	0	0	0	0	1	1	0	0	1	0	1	1	1	0	1	0	0	1	0	0	0	1	0	1	1	2	0	0	1	1	0	0	0	0	0	
0x7f3fc874d000	27	R	27	Local/Remote	0	0	0	0	0	0	0	0	0	0	0	0	0	0	0	0	0	0	0	0	0	0	0	0	0	0	0.0740741	0.0740741	0.0740741	0.037037	0.0740741	0.037037	0	0	0.0740741	0	0	0	0.0740741	0.0740741	0.0740741	0.037037	0.0740741	0	0.0740741	0.0740741	0.0740741	0	0	0	0	0	0	0	0	0	0	0	0	0	0	0	0	0	RW	0.037037	0	0	0	0	0	0	0	0	0	0	0	0	0	0	0	0	0	0	0	0	0	0	0	0	0	0	0	0.5	0.5	1	0.5	1	0	0	0.5	0	0	0	0.5	0	0.5	1	0.5	0	0.5	1	0	0	0	0	0	0	0	0	0	0	0	0	0	0	0	0	0	0	
0x7f3fdbc5f000	5	R	0.714286	Local/Remote	0	0	0	0	0	0	0	0	0	0	0	0	0	0	0	0	0	0	0	0	0	0	0	0	0	0	0	0	0	0	0	0	0	0	0	0	0	0	0	0	0	0	0	0	0	0	0	0	0	0	0	0.4	0.2	0	0	0.2	0	0	0.2	0	0	0	0	0	RW	1.4	0	0	0	0	0	0	0	0	0	0	0	0	0	0	0	0	0	0	0	0	0	0	0	0	0	0	0	0	0	0	0	0	0	0	0	0	0	0	0	0	0	0	0	0	0	0	0	0	0	0	0	0.5	1	0	0	1	0	0	0	0	0	0	0	0	
0x7f3fdbc60000	17	R	2.42857	Local/Remote	0	0.0588235	0.0588235	0.0588235	0	0	0	0	0	0	0	0	0	0	0	0	0	0	0	0	0	0	0	0	0	0	0	0	0	0	0	0	0	0	0	0	0	0.0588235	0	0.117647	0.0588235	0.0588235	0.0588235	0	0.0588235	0	0	0	0	0	0	0.0588235	0.0588235	0	0.0588235	0.117647	0	0	0	0	0	0.0588235	0	0.0588235	RW	0.411765	0	1	0	0	0	0	0	0	0	0	0	0	0	0	0	0	0	0	0	0	0	0	0	0	0	0	0	0	0	0	0	0	0	0	0	0	0	0	0	0.5	1	1	1	0	0	0	0	0	0	0	0	1	0	0	0	0	0	0	0	0	0	1	0	1	
0x7f3fdbc61000	26	R	4.33333	Local/Remote	0.0384615	0.0384615	0	0	0	0	0	0.0769231	0.0769231	0.0384615	0	0.0769231	0	0.0384615	0.0769231	0	0.0384615	0	0.0769231	0.0769231	0.0769231	0.0769231	0	0	0	0	0	0	0	0.0769231	0.0384615	0	0	0	0	0	0	0	0	0	0	0.0384615	0	0	0	0	0.0384615	0	0	0	0	0	0	0	0	0	0	0	0	0	0	0	0	0	RW	0.307692	1	1	0	0	0	0	0	0.5	0.5	1	0	0.5	0	0	0.5	0	0	0	0.5	0	0.5	0.5	0	0	0	0	0	0	0	0.5	1	0	0	0	0	0	0	0	0	0	0	0	0	0	0	0	0	0	0	0	0	0	0	0	0	0	0	0	0	0	0	0	0	0	
0x7fff3a9b5000	39	R	3.9	Local/Remote	0.0512821	0	0.025641	0.0512821	0.0512821	0	0	0.0512821	0	0	0	0	0	0	0.0512821	0.025641	0	0	0	0	0.025641	0.025641	0.025641	0	0	0.025641	0.025641	0.025641	0.025641	0	0.025641	0.025641	0.025641	0.0512821	0.025641	0.025641	0.025641	0.025641	0.025641	0	0	0	0	0	0	0	0	0	0.025641	0.025641	0.025641	0.025641	0.025641	0	0.025641	0.025641	0.025641	0	0	0.025641	0	0	0.025641	0	RW	1.79487	0.5	0	2	0.5	0.5	0	0	0.5	0	0	0	0	0	0	0.5	2	0	0	0	0	2	2	2	0	0	2	2	1	1	0	1	1	1	0.5	0	0	0	0	0	0	0	0	0	0	0	0	0	0	1	1	1	1	1	0	1	1	1	0	0	1	0	0	1	0	
0x7fff3a9b7000	2	R	0.111111	Local/Remote	0	0	0	0	0	0	0	0	0	0	0	0	0	0	0	0	0	0	0	0.5	0	0.5	0	0	0	0	0	0	0	0	0	0	0	0	0	0	0	0	0	0	0	0	0	0	0	0	0	0	0	0	0	0	0	0	0	0	0	0	0	0	0	0	0	0	RW	9	0	0	0	0	0	0	0	0	0	0	0	0	0	0	0	0	0	0	0	0	0	0	0	0	0	0	0	0	0	0	0	0	0	0	0	0	0	0	0	0	0	0	0	0	0	0	0	0	0	0	0	0	0	0	0	0	0	0	0	0	0	0	0	0	
0x7fff3a9fe000	5	R	0.5	Local/Remote	0	0	0	0	0	0.2	0	0.2	0.2	0.2	0	0.2	0	0	0	0	0	0	0	0	0	0	0	0	0	0	0	0	0	0	0	0	0	0	0	0	0	0	0	0	0	0	0	0	0	0	0	0	0	0	0	0	0	0	0	0	0	0	0	0	0	0	0	0	RW	2	0	0	0	0	0	0	0	0	0	0	0	0	0	0	0	0	0	0	0	0	0	0	0	0	0	0	0	0	0	0	0	0	0	0	0	0	0	0	0	0	0	0	0	0	0	0	0	0	0	0	0	0	0	0	0	0	0	0	0	0	0	0	0	0	
