16,100,10000,16313.30,16313.30,0.00,8.95100,17012.46
64,100,10000,12315.36,12315.36,0.00,47.52200,3964.19
4,200,10000,21252.28,21252.28,0.00,3.49700,22163.12
16,50,10000,19964.44,19964.44,0.00,3.65900,20820.07
0.00,0.00,0.00,72.09100,0.00
16,200,10000,14757.44,14757.44,0.00,19.96800,15389.92
4,50,10000,27598.67,27598.67,0.00,0.66600,28781.49
1,100,10000,13914.63,13914.63,0.00,0.66300,14510.98
1,50,10000,15122.24,15122.24,0.00,0.30400,15770.35
4,100,10000,26278.79,26278.79,0.00,1.38900,27405.05
1,200,10000,15409.51,15409.51,0.00,1.18900,16069.93
64,50,10000,15057.27,15057.27,0.00,19.40500,15702.60
