64,100,10000,681877.98,681877.98,0.00,68.03200,22774.32
64,200,10000,713303.77,713303.77,0.00,99.68400,4932.40
1,100,10000,664272.65,664272.65,0.00,1.09200,692673.46
16,200,10000,723662.16,723662.16,0.00,32.15000,24169.89
16,100,10000,741349.13,741349.13,0.00,15.68800,131658.44
4,50,10000,901571.05,901571.05,0.00,1.60700,940117.49
4,200,10000,771768.47,771768.47,0.00,7.64000,359628.88
4,100,10000,824157.89,824157.89,0.00,3.51300,859394.55
1,200,10000,585320.25,585320.25,0.00,2.48200,610345.46
64,50,10000,727724.14,727724.14,0.00,31.90100,24305.56
16,50,10000,679691.91,679691.91,0.00,7.75300,316723.02
1,50,10000,608986.47,608986.47,0.00,0.59400,635023.53
